0 98006997
1 98006997
2 105369760
3 105369760
4 105369760
5 105369760
6 116244646
7 116244646
8 116244646
9 116244646
10 116244646
11 116244646
12 116244646
13 116244646
14 116244646
15 116244646
16 116244646
17 116244646
18 116244646
19 116244646
20 116244646
21 116244646
22 116244646
23 116244646
24 116244646
25 116244646
26 116244646
27 116244646
28 116244646
29 116244646
30 116244646
31 116244646
32 116244646
33 116244646
34 116244646
35 116244646
36 116244646
37 116244646
38 116244646
39 116244646
40 116244646
41 116244646
42 116244646
43 116244646
44 116244646
45 116244646
46 116244646
47 116244646
48 116244646
49 116244646
50 116244646
51 116244646
52 116244646
53 116244646
54 116244646
55 116244646
56 116244646
57 116244646
58 116244646
59 116244646
60 116244646
61 116244646
62 116244646
63 116244646
64 116244646
65 116244646
66 116244646
67 116244646
68 116244646
69 116244646
70 116244646
71 116244646
72 116244646
73 116244646
74 116244646
75 116244646
76 116244646
77 116244646
78 116244646
79 116244646
80 116244646
81 116244646
82 116244646
83 116244646
84 116244646
85 116244646
86 116244646
87 116244646
88 116244646
89 116244646
90 116244646
91 116244646
92 116244646
93 116244646
94 116244646
95 116244646
96 116244646
97 116244646
98 116244646
99 116244646
