0 506397
1 499942
2 564537
3 570381
4 484968
5 485044
6 463206
7 467933
8 535101
9 542834
10 538329
11 538981
12 548854
13 552853
14 530818
15 531595
16 534969
17 535552
18 477525
19 478680
20 549950
21 551030
22 500816
23 504950
24 507815
25 510032
26 497585
27 498696
28 506653
29 508757
30 511331
31 514263
32 505408
33 506265
34 516371
35 516419
36 536504
37 537064
38 485880
39 488222
40 480591
41 488118
42 525203
43 527368
44 474352
45 476374
46 567477
47 568528
48 485671
49 485891
50 485205
51 491753
52 527987
53 528732
54 473403
55 479092
56 520078
57 523019
58 517184
59 520738
60 472722
61 474011
62 489016
63 492026
64 474473
65 476861
66 519746
67 523836
68 474001
69 474904
70 498515
71 499263
72 512218
73 514181
74 504356
75 504469
76 491625
77 496784
78 588403
79 593320
80 469084
81 474324
82 557455
83 564308
84 494287
85 503488
86 458402
87 461987
88 520016
89 520905
90 477587
91 481844
92 503580
93 503844
94 491414
95 495784
96 542235
97 544991
98 465693
99 470356
100 453350
101 458020
102 561404
103 564185
104 547687
105 547909
106 493126
107 495353
108 556362
109 561455
110 534606
111 538977
112 511301
113 515588
114 500717
115 500847
116 516472
117 517275
118 461756
119 464068
120 505704
121 506250
122 484933
123 485803
124 477828
125 478948
126 486738
127 488378
128 553582
129 553810
130 438200
131 446882
132 527965
133 528740
134 537431
135 539658
136 481292
137 489487
138 483911
139 487309
140 521936
141 529584
142 554356
143 556458
144 556781
145 559918
146 550817
147 551652
148 416539
149 419709
150 559421
151 563657
152 488368
153 493838
154 487865
155 492330
156 517974
157 518054
158 569612
159 576912
160 512871
161 513185
162 476965
163 484772
164 516360
165 519582
166 488359
167 489954
168 473163
169 479032
170 513803
171 514797
172 546232
173 553234
174 471098
175 472011
176 566127
177 566466
178 505639
179 507390
180 493617
181 494998
182 537038
183 540334
184 525094
185 530595
186 477509
187 482081
188 536141
189 538214
190 508805
191 517762
192 474567
193 474798
194 509884
195 514466
196 464928
197 468939
198 503310
199 506682
200 521995
201 522571
202 503709
203 512541
204 470680
205 473745
206 510163
207 514755
208 473335
209 474964
210 492135
211 497303
212 509059
213 510089
214 503405
215 503948
216 508521
217 512312
218 500205
219 503543
220 504326
221 506346
222 489327
223 494320
224 521924
225 525311
226 431691
227 433353
228 516029
229 517273
230 515477
231 516066
232 487360
233 488607
234 478156
235 482138
236 495350
237 502386
238 498159
239 498797
240 522348
241 524371
242 464705
243 469499
244 444848
245 453014
246 527639
247 528045
248 514322
249 515711
250 512079
251 517110
252 480114
253 484067
254 528865
255 530092
256 527583
257 529642
258 534699
259 535213
260 523454
261 527325
262 443101
263 446640
264 493952
265 498490
266 517450
267 519234
268 538418
269 539092
270 536074
271 538998
272 506994
273 508175
274 540620
275 541120
276 533491
277 535853
278 491546
279 494507
280 479323
281 484510
282 501991
283 502737
284 484702
285 489726
286 508721
287 514584
288 475759
289 476892
290 471526
291 475349
292 512300
293 513024
294 470284
295 470561
296 518737
297 522920
298 537392
299 540442
300 533613
301 541612
302 464534
303 467420
304 518217
305 521659
306 489360
307 493406
308 503595
309 503598
310 478488
311 485432
312 518763
313 524217
314 528488
315 529175
316 505455
317 508664
318 523465
319 528419
320 530049
321 531049
322 508757
323 510729
324 488790
325 495484
326 487013
327 493616
328 520457
329 523184
330 507985
331 510406
332 526340
333 529174
334 480061
335 481641
336 510021
337 511641
338 482075
339 490341
340 504564
341 510899
342 495048
343 497122
344 502762
345 503632
346 551340
347 559831
348 515468
349 516381
350 539458
351 543836
352 565412
353 567278
354 456375
355 460890
356 539927
357 542192
358 553411
359 554142
360 509433
361 510301
362 515565
363 518137
364 559164
365 564429
366 577226
367 579526
368 483582
369 487237
370 511697
371 518864
372 596776
373 596894
374 537321
375 542778
376 500144
377 500787
378 537703
379 541615
380 475167
381 475795
382 521779
383 522492
384 439099
385 442003
386 497642
387 499479
388 507546
389 507608
390 477177
391 480059
392 521646
393 522787
394 545751
395 547963
396 497763
397 501754
398 470395
399 475544
400 503460
401 507630
402 465813
403 469215
404 513191
405 513762
406 524526
407 526424
408 541654
409 544214
410 533063
411 536152
412 490231
413 496774
414 575186
415 577416
416 442209
417 447341
418 544162
419 544403
420 483828
421 488364
422 456105
423 460332
424 536323
425 538497
426 449381
427 450633
428 473206
429 478399
430 523143
431 525559
432 480445
433 484288
434 588802
435 591331
436 547502
437 548162
438 476779
439 482195
440 529981
441 530303
442 511270
443 514238
444 531050
445 536867
446 512114
447 518076
448 495591
449 497108
450 471869
451 475164
452 546415
453 550360
454 516584
455 521114
456 498811
457 505066
458 524503
459 525564
460 471419
461 475259
462 489140
463 494977
464 511642
465 514613
466 510323
467 512502
468 505429
469 509492
470 506357
471 510709
472 501244
473 502466
474 476658
475 480492
476 527538
477 530368
478 440230
479 448698
480 522768
481 529314
482 499709
483 501302
484 547228
485 547332
486 528337
487 529627
488 512827
489 514551
490 503171
491 503957
492 477675
493 481852
494 471474
495 471658
496 512793
497 521200
498 529880
499 538128
500 430662
501 433819
502 532459
503 536410
504 571046
505 571514
506 520610
507 524228
508 491143
509 493402
510 492354
511 493338
512 499348
513 501524
514 472047
515 476908
516 493278
517 494723
518 459843
519 461069
520 480763
521 481426
522 519976
523 525917
524 458977
525 460644
526 526419
527 531288
528 456708
529 456728
530 478744
531 484845
532 450498
533 453574
534 440813
535 446835
536 469846
537 472685
538 537560
539 540182
540 540385
541 541400
542 550722
543 552853
544 523457
545 526287
546 564136
547 565420
548 482679
549 484603
550 541266
551 542295
552 536551
553 538908
554 458889
555 460672
556 504216
557 510822
558 578505
559 582548
560 527577
561 532640
562 514580
563 519037
564 491323
565 495429
566 477734
567 477794
568 523190
569 524251
570 537328
571 540904
572 448238
573 452984
574 528715
575 534921
576 502477
577 503183
578 491888
579 496422
580 538119
581 539892
582 458524
583 461841
584 476262
585 476907
586 523869
587 525793
588 523585
589 527047
590 486648
591 488827
592 483630
593 484543
594 540220
595 548785
596 496374
597 497225
598 578446
599 582226
600 475524
601 483816
602 541658
603 545133
604 535255
605 540543
606 493741
607 496131
608 538599
609 542015
610 505861
611 513071
612 554773
613 560534
614 487468
615 490261
616 571425
617 577989
618 504426
619 512677
620 538812
621 545835
622 504087
623 504765
624 485044
625 488453
626 542673
627 542804
628 510933
629 511666
630 469237
631 470566
632 465032
633 470274
634 560089
635 564118
636 533420
637 543026
638 506683
639 508256
640 510880
641 518786
642 560798
643 561344
644 499453
645 504075
646 505802
647 505982
648 528553
649 532945
650 530008
651 533295
652 491979
653 495762
654 531579
655 538341
656 494196
657 498147
658 518331
659 520883
660 522604
661 523934
662 490782
663 494983
664 542346
665 546306
666 446657
667 454434
668 507244
669 508282
670 488616
671 492544
672 549793
673 550438
674 491268
675 493090
676 453939
677 455133
678 501200
679 507644
680 505047
681 506761
682 572875
683 577127
684 489427
685 490257
686 474299
687 482613
688 541010
689 549277
690 455092
691 460936
692 495886
693 496456
694 519452
695 526358
696 531853
697 534288
698 509079
699 514511
700 481417
701 482909
702 484869
703 491732
704 515387
705 519178
706 528776
707 528978
708 537540
709 537769
710 505686
711 507937
712 525934
713 531713
714 517308
715 519154
716 464359
717 468129
718 496045
719 497285
720 469484
721 475071
722 486053
723 487525
724 512227
725 513667
726 509562
727 509801
728 552300
729 553176
730 463890
731 467424
732 420668
733 424658
734 516518
735 519499
736 482384
737 488802
738 473417
739 479380
740 494688
741 497228
742 480344
743 481123
744 505151
745 512458
746 547106
747 548655
748 480909
749 488654
750 523152
751 526392
752 563156
753 564545
754 530211
755 537180
756 538034
757 544685
758 575999
759 583996
760 517907
761 519366
762 527773
763 534044
764 516912
765 520013
766 487625
767 491107
768 510406
769 514007
770 480720
771 482036
772 563359
773 566453
774 522141
775 523058
776 490171
777 498056
778 535583
779 542100
780 504571
781 508434
782 496589
783 500871
784 502888
785 505080
786 482670
787 488487
788 494689
789 495828
790 508849
791 512329
792 537391
793 543711
794 524385
795 524600
796 514048
797 516923
798 524533
799 528051
800 423475
801 429807
802 503884
803 510201
804 519148
805 525794
806 515614
807 523888
808 484769
809 485021
810 499440
811 500117
812 498787
813 500223
814 566502
815 571942
816 470428
817 475757
818 510670
819 512656
820 492293
821 497452
822 489490
823 490030
824 508767
825 512740
826 522588
827 523991
828 448752
829 451507
830 484167
831 484454
832 557516
833 561694
834 499104
835 501361
836 506668
837 508389
838 492029
839 495336
840 487172
841 490961
842 538161
843 542460
844 485910
845 488304
846 486531
847 488442
848 539031
849 542016
850 501477
851 509414
852 492817
853 498531
854 539983
855 546762
856 501042
857 502113
858 548213
859 551265
860 481067
861 488251
862 520722
863 521641
864 498394
865 505606
866 532893
867 533068
868 513039
869 516560
870 494777
871 496036
872 520239
873 521168
874 539127
875 541114
876 546376
877 547424
878 484405
879 486406
880 528226
881 531215
882 446870
883 447141
884 510757
885 512110
886 543170
887 545337
888 461059
889 463078
890 547085
891 547973
892 532439
893 532718
894 484808
895 487701
896 501870
897 505750
898 425827
899 435125
900 581191
901 582885
902 497868
903 501348
904 504373
905 506165
906 471725
907 476503
908 481092
909 482782
910 450472
911 450553
912 419143
913 421301
914 490265
915 493977
916 544461
917 549132
918 505746
919 509930
920 523747
921 524908
922 496740
923 502529
924 571218
925 571479
926 553750
927 555657
928 481472
929 481518
930 471402
931 474338
932 500107
933 507346
934 540639
935 544163
936 492790
937 493468
938 505009
939 510014
940 562744
941 563971
942 486029
943 492772
944 519210
945 523774
946 439983
947 444510
948 512259
949 521598
950 529134
951 535428
952 528244
953 529035
954 473125
955 475042
956 531585
957 535758
958 503630
959 503910
960 510734
961 514909
962 521630
963 528938
964 468076
965 470981
966 539021
967 540977
968 465739
969 468928
970 430320
971 434623
972 538191
973 539595
974 461185
975 468735
976 475868
977 481668
978 463454
979 466179
980 555182
981 555935
982 567194
983 576114
984 515046
985 515950
986 505011
987 506881
988 500151
989 509170
990 521418
991 526456
992 467866
993 468081
994 557966
995 560774
996 502378
997 503912
998 497832
999 505235
1000 508705
1001 513591
1002 515129
1003 515177
1004 489910
1005 495803
1006 551620
1007 552460
1008 530258
1009 537284
1010 459010
1011 466683
1012 494135
1013 496786
1014 490449
1015 498717
1016 558095
1017 559148
1018 568654
1019 571370
1020 516529
1021 519760
1022 508166
1023 512361
1024 535386
1025 538974
1026 475100
1027 475322
1028 512251
1029 516877
1030 514246
1031 520555
1032 544359
1033 545898
1034 465975
1035 468996
1036 498271
1037 501748
1038 473308
1039 475717
1040 520960
1041 521833
1042 512906
1043 517559
1044 524805
1045 528650
1046 529452
1047 533378
1048 516471
1049 520314
1050 490214
1051 492598
1052 531210
1053 532461
1054 527195
1055 528914
1056 488316
1057 491968
1058 537542
1059 542056
1060 433025
1061 438915
1062 467524
1063 475572
1064 530013
1065 535763
1066 448924
1067 451382
1068 495972
1069 496833
1070 495190
1071 497488
1072 473198
1073 479142
1074 518505
1075 524472
1076 471560
1077 479644
1078 539529
1079 543936
1080 477736
1081 483103
1082 492313
1083 498191
1084 531881
1085 533597
1086 518961
1087 521485
1088 490448
1089 495309
1090 522391
1091 526542
1092 466118
1093 468954
1094 472489
1095 480538
1096 503254
1097 507992
1098 533074
1099 536885
1100 484744
1101 489943
1102 517218
1103 520519
1104 440848
1105 443108
1106 499055
1107 505943
1108 468017
1109 468715
1110 503496
1111 512360
1112 490318
1113 493463
1114 499253
1115 503777
1116 458845
1117 459867
1118 512697
1119 515452
1120 516285
1121 516958
1122 476023
1123 477743
1124 504636
1125 506543
1126 515561
1127 519791
1128 504640
1129 510396
1130 498284
1131 500549
1132 483201
1133 486336
1134 476343
1135 480210
1136 480855
1137 482880
1138 483586
1139 485878
1140 482236
1141 488656
1142 545871
1143 547982
1144 455258
1145 457119
1146 498690
1147 501515
1148 469916
1149 471176
1150 473034
1151 474580
1152 537194
1153 540710
1154 522776
1155 532105
1156 485492
1157 488750
1158 549656
1159 556927
1160 565055
1161 569948
1162 417261
1163 419650
1164 468156
1165 469375
1166 519985
1167 523603
1168 539574
1169 541698
1170 480078
1171 488130
1172 451707
1173 453848
1174 513033
1175 520625
1176 496935
1177 497650
1178 471265
1179 473659
1180 523874
1181 528898
1182 512094
1183 513021
1184 483475
1185 487356
1186 509485
1187 513043
1188 512787
1189 517060
1190 524237
1191 530627
1192 428015
1193 431984
1194 519213
1195 527917
1196 468965
1197 471165
1198 532310
1199 532458
1200 550512
1201 553287
1202 489087
1203 494566
1204 483493
1205 489907
1206 488731
1207 490300
1208 500803
1209 502350
1210 503644
1211 503933
1212 534119
1213 535565
1214 508906
1215 513818
1216 508701
1217 512411
1218 521702
1219 521771
1220 481475
1221 485622
1222 468811
1223 472041
1224 552623
1225 554501
1226 530259
1227 531079
1228 469329
1229 470840
1230 503968
1231 507247
1232 527122
1233 528574
1234 488763
1235 489120
1236 529921
1237 530691
1238 489082
1239 491015
1240 538700
1241 542499
1242 566232
1243 574013
1244 482697
1245 483977
1246 524521
1247 527785
1248 559751
1249 564662
1250 527886
1251 531817
1252 483281
1253 485694
1254 499989
1255 502781
1256 517018
1257 521360
1258 488309
1259 489360
1260 528447
1261 529474
1262 456428
1263 462433
1264 511196
1265 511707
1266 538367
1267 546221
1268 518245
1269 519474
1270 488495
1271 495662
1272 524452
1273 524649
1274 502489
1275 503847
1276 551334
1277 556289
1278 529026
1279 531488
1280 518212
1281 520888
1282 493220
1283 495862
1284 568727
1285 572741
1286 511531
1287 514535
1288 506304
1289 509240
1290 551353
1291 555195
1292 521689
1293 522924
1294 456743
1295 459709
1296 507775
1297 513670
1298 519920
1299 523774
1300 464274
1301 464324
1302 463858
1303 464675
1304 441425
1305 443305
1306 454466
1307 455181
1308 546742
1309 551267
1310 503250
1311 505467
1312 503572
1313 506379
1314 565024
1315 567229
1316 481873
1317 483520
1318 545975
1319 551342
1320 488483
1321 490736
1322 540923
1323 549441
1324 471256
1325 475621
1326 542268
1327 549292
1328 515186
1329 515481
1330 494694
1331 501696
1332 487611
1333 494673
1334 518458
1335 518885
1336 527464
1337 527512
1338 491758
1339 493899
1340 552458
1341 554667
1342 482955
1343 485617
1344 525831
1345 531037
1346 482787
1347 484968
1348 484943
1349 484954
1350 516568
1351 520439
1352 494850
1353 494873
1354 523752
1355 529489
1356 493677
1357 495321
1358 515929
1359 522042
1360 501805
1361 505840
1362 495195
1363 499068
1364 497284
1365 498425
1366 490527
1367 492487
1368 512613
1369 513273
1370 505225
1371 512412
1372 521820
1373 526849
1374 533514
1375 538261
1376 511464
1377 519565
1378 518227
1379 519463
1380 505964
1381 509085
1382 509305
1383 509802
1384 483977
1385 486695
1386 482558
1387 484225
1388 476690
1389 477620
1390 470305
1391 471099
1392 509478
1393 514718
1394 499912
1395 501756
1396 560136
1397 565028
1398 513018
1399 513748
1400 480561
1401 487976
1402 520264
1403 523711
1404 487383
1405 489891
1406 551685
1407 554787
1408 480912
1409 483397
1410 524108
1411 526909
1412 470567
1413 473286
1414 485937
1415 492922
1416 537377
1417 541825
1418 548491
1419 551050
1420 520296
1421 523383
1422 548041
1423 548103
1424 541966
1425 545346
1426 497424
1427 498820
1428 466832
1429 472471
1430 440870
1431 444763
1432 499550
1433 501413
1434 529893
1435 530660
1436 546499
1437 548195
1438 492286
1439 493142
1440 485623
1441 492310
1442 535350
1443 537817
1444 547809
1445 547873
1446 554989
1447 557816
1448 475281
1449 475333
1450 492067
1451 495135
1452 535918
1453 536479
1454 486509
1455 489163
1456 516079
1457 523184
1458 515168
1459 516171
1460 572362
1461 574638
1462 512108
1463 514687
1464 466723
1465 473311
1466 548039
1467 549081
1468 597757
1469 604526
1470 531098
1471 533122
1472 524026
1473 524149
1474 484440
1475 492475
1476 506606
1477 510756
1478 493731
1479 495911
1480 516698
1481 519818
1482 465263
1483 467759
1484 475657
1485 476416
1486 514974
1487 516727
1488 525108
1489 525258
1490 549988
1491 550246
1492 476166
1493 477313
1494 547726
1495 550641
1496 508250
1497 513092
1498 539913
1499 546063
1500 518452
1501 520461
1502 452799
1503 457888
1504 565181
1505 569269
1506 514196
1507 522781
1508 511854
1509 514482
1510 480902
1511 486058
1512 558063
1513 558652
1514 530143
1515 533595
1516 547078
1517 552436
1518 523691
1519 530951
1520 517329
1521 526614
1522 477735
1523 478507
1524 489059
1525 491081
1526 498040
1527 498790
1528 521027
1529 524660
1530 472167
1531 477285
1532 482476
1533 487176
1534 467017
1535 472832
1536 544514
1537 548276
1538 455817
1539 458738
1540 494401
1541 502361
1542 444211
1543 452525
1544 471715
1545 472902
1546 535433
1547 544047
1548 520349
1549 524119
1550 555233
1551 555706
1552 516447
1553 517415
1554 496045
1555 500606
1556 467488
1557 470896
1558 510516
1559 512348
1560 519338
1561 520045
1562 543260
1563 544625
1564 481426
1565 483122
1566 500687
1567 501561
1568 491287
1569 491681
1570 516336
1571 522992
1572 519664
1573 519968
1574 499903
1575 501546
1576 540706
1577 543462
1578 523535
1579 528482
1580 533598
1581 536430
1582 458492
1583 459682
1584 466663
1585 467198
1586 506316
1587 507104
1588 496803
1589 504517
1590 480177
1591 489495
1592 499621
1593 501604
1594 493626
1595 494628
1596 464151
1597 467681
1598 520792
1599 521249
1600 448543
1601 450221
1602 536128
1603 537243
1604 487570
1605 496053
1606 511737
1607 512288
1608 497323
1609 502563
1610 469714
1611 472286
1612 498675
1613 499616
1614 441438
1615 443151
1616 484799
1617 491607
1618 482887
1619 487985
1620 526839
1621 530647
1622 525291
1623 530128
1624 431688
1625 437012
1626 561852
1627 568547
1628 481213
1629 481928
1630 468362
1631 469764
1632 573198
1633 575732
1634 492943
1635 493942
1636 464118
1637 464143
1638 466243
1639 470537
1640 507562
1641 508200
1642 477606
1643 482157
1644 445968
1645 449431
1646 439615
1647 447136
1648 541275
1649 547695
1650 466099
1651 471530
1652 510963
1653 511264
1654 520315
1655 521528
1656 457207
1657 459460
1658 476648
1659 482267
1660 493505
1661 499076
1662 538771
1663 543340
1664 464992
1665 469147
1666 453998
1667 455436
1668 480430
1669 482076
1670 495493
1671 503920
1672 471115
1673 478875
1674 497433
1675 497527
1676 462790
1677 467396
1678 587795
1679 589851
1680 531124
1681 533819
1682 494321
1683 496877
1684 518209
1685 518529
1686 572354
1687 575821
1688 509344
1689 512888
1690 523536
1691 524233
1692 526884
1693 526932
1694 539423
1695 543977
1696 539073
1697 542799
1698 468446
1699 470943
1700 479246
1701 481835
1702 533721
1703 540623
1704 499639
1705 503088
1706 470357
1707 473903
1708 431372
1709 431616
1710 454719
1711 455896
1712 507647
1713 511844
1714 563257
1715 564429
1716 540200
1717 549131
1718 448822
1719 456809
1720 516891
1721 517158
1722 561546
1723 562172
1724 500432
1725 502339
1726 529791
1727 532334
1728 482487
1729 489948
1730 482097
1731 482652
1732 479128
1733 480457
1734 496916
1735 499528
1736 497512
1737 499290
1738 483097
1739 485935
1740 473117
1741 473219
1742 545684
1743 550990
1744 520677
1745 523699
1746 527115
1747 529105
1748 503896
1749 507359
1750 519403
1751 519721
1752 517114
1753 521797
1754 537990
1755 542183
1756 494599
1757 498811
1758 458258
1759 461091
1760 521546
1761 527410
1762 558314
1763 563418
1764 482726
1765 486856
1766 493168
1767 497171
1768 492970
1769 494772
1770 563630
1771 572445
1772 566276
1773 571665
1774 480716
1775 481242
1776 516426
1777 523249
1778 487494
1779 488698
1780 465149
1781 472756
1782 519712
1783 520051
1784 447098
1785 453763
1786 529123
1787 530266
1788 500467
1789 501726
1790 465174
1791 465949
1792 529315
1793 530523
1794 498397
1795 498857
1796 451116
1797 458344
1798 502580
1799 505873
1800 545262
1801 548017
1802 494777
1803 496016
1804 493801
1805 495174
1806 560909
1807 563661
1808 468262
1809 470280
1810 507806
1811 510842
1812 544011
1813 545666
1814 540316
1815 542890
1816 472625
1817 474213
1818 473311
1819 473674
1820 532361
1821 532534
1822 514018
1823 517117
1824 562861
1825 569166
1826 453560
1827 454281
1828 457682
1829 462615
1830 462083
1831 462951
1832 489363
1833 491834
1834 488361
1835 497855
1836 476044
1837 477387
1838 539746
1839 546176
1840 508318
1841 513708
1842 504518
1843 504519
1844 533813
1845 536410
1846 472837
1847 477846
1848 502207
1849 505707
1850 497199
1851 497247
1852 480485
1853 485623
1854 521992
1855 524219
1856 552543
1857 555436
1858 515225
1859 517568
1860 450585
1861 454054
1862 471166
1863 473577
1864 450400
1865 457177
1866 569437
1867 574480
1868 491887
1869 500647
1870 504095
1871 509468
1872 482765
1873 486150
1874 509794
1875 516712
1876 486845
1877 491761
1878 519536
1879 521273
1880 559765
1881 559843
1882 462981
1883 465204
1884 537299
1885 542004
1886 532167
1887 535044
1888 539985
1889 541813
1890 529476
1891 533330
1892 467584
1893 471360
1894 496073
1895 504480
1896 517428
1897 518631
1898 533746
1899 539510
1900 538941
1901 539157
1902 461354
1903 464307
1904 544915
1905 545562
1906 490225
1907 492086
1908 483353
1909 487972
1910 524027
1911 524567
1912 511226
1913 514732
1914 459870
1915 463913
1916 486031
1917 487945
1918 489274
1919 492776
1920 511931
1921 513083
1922 491813
1923 497339
1924 467959
1925 468367
1926 531618
1927 533011
1928 468885
1929 470738
1930 496146
1931 497386
1932 482184
1933 488675
1934 506775
1935 512348
1936 508427
1937 509153
1938 442222
1939 447257
1940 554271
1941 556413
1942 493092
1943 497782
1944 542073
1945 542903
1946 525164
1947 527350
1948 562924
1949 564348
1950 537712
1951 541598
1952 494662
1953 495565
1954 540497
1955 543977
1956 547256
1957 548785
1958 468772
1959 470679
1960 473134
1961 478336
1962 547819
1963 548857
1964 534009
1965 536726
1966 512611
1967 516461
1968 451870
1969 453675
1970 535307
1971 541049
1972 494154
1973 499370
1974 525748
1975 532043
1976 542658
1977 546201
1978 472700
1979 475759
1980 492807
1981 495153
1982 545792
1983 548630
1984 478057
1985 479843
1986 517718
1987 524637
1988 577129
1989 583568
1990 425982
1991 430889
1992 472129
1993 473126
1994 531084
1995 534986
1996 520929
1997 525686
1998 477719
1999 478912
