2 531032
10 486613
16 470951
20 546397
27 488093
33 525561
39 537873
45 452352
49 481793
54 486822
63 476935
67 517010
76 527366
81 522455
85 568223
92 486226
98 515734
104 459539
111 481207
117 563072
123 480552
128 446829
134 485027
140 503866
147 522426
154 474490
160 482912
165 491828
169 473795
176 493235
183 491633
189 548599
194 524810
202 565665
205 510835
214 525749
219 510599
223 523128
230 508960
235 521813
242 515824
250 491321
254 436700
261 476210
266 485068
273 519328
279 482707
285 504898
290 548172
296 495853
302 505190
310 498131
314 521288
321 491618
327 517007
330 535831
339 518074
345 525466
349 525832
357 583275
361 499376
367 492377
372 474817
378 464137
386 460792
392 434839
399 519743
403 531585
410 532476
418 489189
422 499091
428 488324
435 480018
441 569774
447 551590
453 523938
459 535494
464 513869
471 446554
475 488405
481 468606
489 506362
494 447289
499 452486
506 486318
512 489868
519 500917
524 494045
531 515903
538 553938
477 491122
547 495645
554 534745
560 468657
568 541723
570 481078
580 522003
585 465459
591 481471
596 415848
600 492708
609 509096
612 517317
619 575013
627 485422
631 544945
641 511236
643 454683
650 485788
656 543876
664 542457
669 474282
674 520361
679 486124
688 515111
695 547026
697 488977
704 502123
710 485838
716 550461
723 515181
727 508096
735 489735
741 550266
747 587270
752 435944
761 543989
765 510836
769 495169
778 530405
234 516566
788 497576
793 486875
799 499403
807 512052
813 512775
819 513880
824 536312
831 523036
834 462893
844 505417
851 501861
852 458796
861 459609
867 539915
871 512478
876 473626
885 536968
889 472024
895 500160
901 476205
909 517062
915 481274
923 539610
927 502135
831 523036
938 497815
945 503424
949 495443
954 441007
962 513736
970 575869
975 452590
980 509788
988 496588
994 480645
999 501294
1004 505532
1009 481878
1016 416604
1024 493560
1029 567296
1034 521511
1039 542403
1047 486820
1053 520133
1059 509270
1065 534938
1071 563270
1077 507692
1083 458715
1090 509387
1093 491504
1101 478878
1106 536695
1111 528422
1118 446299
1124 488954
1129 521128
1136 522182
1143 497483
1149 535514
1156 544627
1160 591098
1167 527181
1170 472807
1178 526711
1184 461362
1189 488147
1199 508030
1203 516948
1209 514899
1213 555401
1219 559910
1225 517878
1233 537555
1238 503284
1244 476002
1250 559917
1254 473035
1262 495823
1267 542182
1273 506683
1280 512679
1287 537600
1293 469789
1300 516138
1305 482591
1310 542084
1317 512793
1323 499246
1328 505579
1334 452719
1341 489539
1347 532737
1354 495969
1357 478901
1363 524371
1371 516845
1377 473218
1383 511591
1387 505112
1396 542121
1400 478388
1406 464587
1410 465278
1419 511049
1425 540772
1430 509034
1436 500835
1442 490572
1448 550216
1454 464130
1463 448568
1465 501641
1474 587014
1477 450035
1486 513047
1491 576445
1496 511662
1501 523806
1508 529072
1515 527252
1521 487700
1524 474593
1533 502698
1538 502826
1544 505906
1550 506015
1555 492804
1562 492821
1568 478280
1574 536690
1581 534495
1586 558638
1593 518316
1598 498817
1603 533612
1611 506575
1617 534227
1623 536386
1629 507503
1636 521056
1639 534660
1646 520036
1653 514290
1657 424832
1664 494183
1671 576116
1676 542873
1683 509674
1688 493205
1694 539623
1702 523475
1705 518089
1712 517255
1719 544129
1725 528420
1729 524019
1738 515328
1741 532629
1747 519653
1754 520287
1758 558840
1768 482499
1773 509436
1779 513900
1786 485165
1790 519910
1795 485891
1803 548693
1808 531616
1816 539430
1820 462135
1826 511965
1833 489604
1838 516039
1844 499342
1849 504570
1856 518254
1862 563291
1869 462025
1872 514612
1879 561836
1884 485189
1892 494245
1898 487516
1904 512501
1910 455898
1915 471486
1922 523330
1927 516873
1936 461042
1939 530638
1946 487509
1953 519915
1960 528299
1964 547387
1969 501505
1977 478380
1983 469729
1987 442818
1995 484985
2001 559923
2004 499587
2011 527290
2018 490864
2025 492000
2030 553820
2037 500370
2041 502532
2047 547091
2056 519041
2062 549244
2066 545842
2071 483226
2078 526165
2084 567915
2089 497398
2096 434265
2101 530368
2108 562935
2114 537418
2121 492723
2125 505287
2131 484734
2140 532769
2145 575866
2152 525708
2154 563049
2163 489300
2170 528262
2175 571469
2180 538891
2186 510880
2192 501210
2197 500132
2207 503329
2209 442316
2217 510019
2223 483178
2227 463845
2233 473629
2241 521454
2247 540285
2252 523088
2260 539416
2265 502277
2270 495196
2275 541179
2284 520769
2287 518787
683 493595
2301 514532
2305 530069
2311 597905
2319 572999
2324 498954
923 539610
2338 467535
2343 535785
2350 537055
2354 460742
2359 526757
2366 525100
1627 503155
2379 491533
2384 535776
2389 508633
2397 565415
2404 471005
2409 430805
2414 504337
2422 520846
2427 501969
2431 514455
2439 526875
2443 491269
2451 497253
2458 505385
1954 521932
2469 496544
2474 503831
2479 503255
2485 497888
2492 532119
2499 577746
2504 477392
2510 534894
2517 468103
2524 531864
2526 502499
2535 544403
2540 500875
2545 505396
2553 540988
2558 540871
2565 548801
2571 570378
2577 522621
2583 471888
2587 540473
2593 449799
2599 492497
2606 456691
2613 553264
2617 538393
2625 527044
2630 536826
2638 470631
2643 509028
2648 490067
2653 491259
2661 502494
2668 540171
2673 548948
2678 545576
2685 520575
2692 568690
2697 503870
2703 475498
2709 490896
2713 524313
2720 533487
2726 492049
2732 517034
2739 522602
2746 577242
2750 484391
2756 486104
2761 493799
2769 451614
2774 471752
2781 569471
2787 460461
2791 548278
2796 513767
2805 478293
2809 479163
2267 504572
688 515111
2827 503422
2835 461013
91 483114
2847 512593
2853 457836
1529 483348
2866 491337
2873 526930
2878 503039
2885 543901
2889 528885
2895 499757
2899 470427
2906 490749
2912 522284
2918 582414
2923 497260
2929 490311
2936 470181
2941 492577
2950 536675
2955 558283
2484 495806
2968 483901
2972 505572
2978 535591
2985 547163
2991 506240
2997 552100
3002 488134
804 504369
3013 492655
3019 470237
3024 522471
3032 555821
3038 489781
3045 490666
3050 466752
3055 534878
3063 463363
3067 492244
3074 493512
3080 468558
3086 582958
3091 484024
3097 455229
3104 445196
3111 481873
3118 515378
3122 522542
3127 561989
3134 527101
3140 492174
3145 458353
3152 429008
3159 522739
3164 541811
3172 566514
3177 473448
3183 454508
3189 512511
3193 519741
3200 489795
3206 495745
3213 544877
3217 491142
3225 502195
3229 523329
3235 541028
3242 463714
3249 490839
3255 568982
3260 451477
3267 457873
3272 448343
3279 484570
3284 499089
3290 505413
3296 495292
3304 494644
3307 524912
3314 486743
3318 502157
3328 537892
3331 529924
3339 469676
3343 491161
3349 513744
3356 539730
3363 519680
3368 506314
3373 458479
3381 514915
3387 529994
3392 518760
3398 489095
3406 491663
3411 496818
3416 478621
3423 464036
3429 483261
3434 507820
3440 506862
3444 433156
3453 491342
3459 512934
3465 483777
3470 483232
3477 447699
3481 452087
3490 527999
3493 493889
3502 579403
3507 552444
3511 497363
3518 520512
3524 504396
3531 494466
3537 544484
3543 516432
3549 430952
3555 532724
3560 487660
3564 510510
3573 526988
3577 516591
3583 483618
3590 481006
3595 590084
3603 521304
3608 467236
3616 531811
3620 497766
3629 560491
3630 523500
3639 525556
3644 521362
3650 466086
3655 496187
3663 491955
3667 499419
3674 523413
3680 465236
3688 526983
3692 509381
3699 544721
3704 457673
3711 486610
3717 541892
3722 533940
3729 482502
3735 518432
3738 495781
3746 526370
3751 526838
3759 535766
3764 498146
3574 527426
3777 538113
3783 492488
3789 463805
3795 503306
3801 496255
3807 546756
3812 461712
3816 463339
3825 551224
3831 473722
3836 518998
3842 455284
3847 504947
3852 443251
3861 512048
3866 539028
3871 486248
3878 531602
3884 499519
3890 483109
3896 463040
3902 493564
3909 542011
3916 518016
3379 512206
3925 507282
3932 525998
3940 521200
3943 513545
3950 444312
3956 466837
521 502347
3968 501014
3974 487565
3981 457909
3987 484371
3993 498372
3999 492601
4004 476939
4010 574713
4017 549864
4023 515521
4029 535561
4035 501116
4039 486944
4047 503848
4052 510329
4058 476211
4064 495585
4071 452054
4075 520582
4082 469013
4087 493362
4093 490658
4102 500363
4108 520527
3405 491200
4118 480406
4125 487717
491 512752
4137 480238
1423 538491
4147 481418
4154 445171
4160 511248
4167 521700
4174 514867
4180 544222
4185 511316
4192 492647
4195 478399
4202 514987
4208 513339
4213 549940
4220 468385
4225 541612
4233 494280
4240 526421
4244 516515
4252 494945
4256 489715
4265 500864
4268 539749
4276 546285
4282 485093
4288 517766
4294 500584
4298 451905
4304 535279
4309 436859
4315 506579
4323 451999
4328 570804
4333 525502
4340 466661
4346 496778
4353 525764
4357 502113
4365 509443
4369 476905
4377 504944
4381 501259
4389 540558
4395 484082
4402 434382
4404 444837
4411 549620
4419 576811
4425 494662
4431 511667
4438 503825
4442 516776
4448 480268
4453 452808
4459 548032
4469 526000
4471 553217
4479 460176
4484 485393
4492 565803
4497 517524
4501 446942
4508 440497
4514 476709
4520 517081
4525 501496
4532 440046
4540 459551
4543 510528
4551 524405
4557 508431
4563 488891
4567 423040
4573 472978
4582 493199
4586 535482
4593 514669
4601 510194
4604 507273
4608 534049
4617 497439
4623 541339
2539 500659
4634 459088
4640 531479
4647 517891
4652 501030
4658 505840
4666 485841
4670 512727
4675 458897
4682 484321
4687 532330
2647 489760
3649 465106
4706 549925
4713 466748
4717 481325
4725 532342
4730 453216
4735 494099
4743 468188
4749 517002
4756 504002
4762 501642
4768 497841
4772 504703
4777 535950
4783 477888
4792 521805
4797 522535
4805 548518
4809 541322
998 494765
4819 495522
4828 517583
4833 536346
4839 473698
4844 522555
4850 552108
4858 528514
4861 480848
4866 538575
4874 466556
4879 508859
4757 505521
4891 475016
4898 519739
4905 590469
4912 529184
4918 515826
4920 507173
4927 503031
4936 509451
4942 515285
4946 533358
4953 530198
4959 494495
4964 460667
4972 508860
4977 529128
4982 565440
4988 499797
4995 471432
5000 487269
5007 508199
5012 509913
5017 520054
5025 480010
5030 510301
5036 479024
5041 462691
5048 532845
5055 545640
5060 467307
5067 496028
5073 545502
5078 507252
5084 503954
5092 489997
5096 534852
5100 517703
5108 516673
2864 489762
5122 537978
5126 478213
5133 564954
5136 515312
5146 466336
5152 480992
5155 482950
5162 484707
5167 563958
5174 534296
5182 544053
5185 534142
5191 552227
5197 563825
5203 488606
5211 496085
5217 523166
5222 513139
5228 475870
5232 538589
5240 521854
5248 524835
5252 517014
5259 473010
5265 536525
5271 481789
4528 503796
5282 509578
5289 539448
5292 500690
5300 488262
5305 480056
5314 486719
5320 558381
5324 517955
5332 476588
5337 453339
5342 531398
5347 512888
5353 468120
5359 482732
5365 481259
5370 544080
5380 519656
5387 514323
1524 474593
5395 475004
5402 495754
5408 514459
5414 498082
5418 519340
5426 515623
5434 526651
5438 498548
5443 526708
5451 536048
5456 501855
5462 512256
5469 512122
5477 490963
5480 485243
5487 584996
5493 520042
5498 541186
5503 544073
5509 515597
5516 473653
5524 465329
5528 521781
5534 573188
5542 526844
5545 491141
5551 537999
5559 513145
5563 517887
5570 551112
5577 488774
5581 486394
5587 571835
5594 510370
491 512752
5605 574750
2601 493848
5620 569052
5623 497419
5629 542835
5639 565628
5643 518155
5648 516787
5652 452594
5661 500565
5667 555622
5672 493642
5680 495984
5684 530905
5691 474290
5696 536711
5700 525428
5710 519009
5714 492074
5721 526748
5725 507937
5733 535441
5741 464631
5743 483124
5752 519504
5755 528406
5763 532722
5767 550277
5284 513303
5782 485973
5789 554154
5794 486537
5798 477012
5804 497297
5808 512676
5816 521389
5823 517664
5090 489285
5834 468526
5841 556636
5846 492883
5854 525838
5856 467273
5863 466056
5870 478255
5876 450853
5884 496855
5888 525434
5893 505352
5900 528243
5906 487685
5913 491101
5917 514238
5925 496796
5932 497819
5936 503983
5943 517073
5948 546596
5954 491184
5960 526053
5967 502959
5973 500785
3081 468796
5983 425599
5989 480856
5995 490448
