0 98006997
2 97226792
5 105369760
7 100051099
8 103791722
11 104542279
12 116244646
15 107790867
16 92483041
19 107751224
21 111848948
22 107846139
24 99251832
26 108977585
28 100314181
30 106214159
33 115484245
35 99645362
36 98036732
39 104250490
40 102527421
42 106014940
44 103926722
46 94572512
49 103581898
51 95637054
53 114307632
54 101722818
57 104586268
58 100331740
60 92457669
63 100704179
64 103240510
67 99404757
68 102778243
70 97255599
72 102510782
75 97869960
77 98822407
78 99669356
81 103373513
83 115104757
85 104136584
87 107180864
88 92725164
91 106136636
93 94642596
95 92735873
97 107571910
99 102577995
100 100624991
102 95258696
104 104046833
106 97571316
108 104937061
110 111448422
113 110359452
115 108939395
117 97219062
118 94629362
120 109921933
122 108426880
124 104409881
127 108805472
129 96311365
131 105808109
132 101613893
134 99932214
137 99449050
139 99971547
140 109499330
143 101650004
145 108678054
146 101967933
148 108850376
150 95523542
152 113187295
155 98848541
156 94749722
159 101016130
160 96627972
162 106711422
164 104882186
167 95248447
168 113455668
171 101801607
172 99465614
175 99474124
177 97093204
179 110330388
181 110241082
183 100907682
185 101336999
186 104758665
188 106456252
191 105117810
192 94055997
195 92315427
196 98308820
198 95879217
