1 491652
3 473074
7 479665
11 491231
13 461802
17 564933
19 518082
22 518601
25 475704
28 518763
30 543373
34 526674
38 481228
40 513808
43 497500
47 489241
49 544359
52 543739
54 485706
58 492909
61 466051
65 489781
67 503696
70 554378
72 447797
75 516104
79 505298
82 473478
85 528119
89 523443
90 534692
93 529747
97 540546
100 483666
103 493350
105 521296
109 523034
112 510123
115 558045
117 546403
120 448839
124 492192
128 490212
130 524156
133 525887
135 474458
139 513920
142 499278
144 482547
147 577642
150 518821
154 509249
157 480655
159 445373
163 526583
166 469317
168 461291
171 506265
176 432287
178 484775
182 526398
184 503536
187 477446
190 554746
194 558673
197 540382
200 548896
203 565324
205 487829
208 505510
210 583892
213 527807
217 532534
220 509840
222 507201
227 470853
228 493482
232 534375
235 511329
237 451165
242 531163
245 543062
248 527662
250 505231
252 538027
255 476582
259 515947
262 493280
265 536021
267 493256
272 517556
274 532000
277 512691
280 536056
283 540469
287 529325
288 508581
292 495937
294 502844
297 508769
301 546596
305 519050
307 486379
310 511880
313 520746
317 562386
320 516365
323 515466
324 539238
328 473490
332 453339
334 490305
338 507621
340 443131
343 477781
346 444375
349 495287
352 525087
355 474389
358 494265
361 498105
363 473766
368 545643
369 519027
373 452866
376 535020
380 511171
382 556715
385 536103
387 504120
390 476060
393 514597
398 477852
400 509714
404 526693
406 538812
408 455913
411 568308
415 515647
418 535836
422 501354
424 553271
428 561414
429 487549
432 491922
436 470714
439 479533
442 477205
445 556670
448 450239
450 505390
453 554612
457 500529
461 514416
464 464645
466 487989
469 499256
473 504463
474 481304
479 527796
480 467041
484 531787
487 544336
489 533121
494 508689
495 447689
499 513709
502 472051
504 485710
509 504072
511 553756
514 541533
516 553195
520 505095
522 489874
526 511627
529 576062
531 509650
535 513748
539 513265
542 486130
544 490297
548 511020
550 492666
553 471597
556 505839
559 540600
562 462776
566 537650
569 594592
572 488650
575 482438
576 550889
580 507057
583 458320
585 492584
590 503566
593 505984
596 460772
597 582770
601 512072
604 472614
607 497526
610 421599
613 508731
616 490367
619 519441
621 503416
625 471603
628 468229
632 500560
635 510186
636 474616
640 515883
644 525436
646 483045
648 474581
653 520888
656 489231
659 486864
662 544652
664 489073
667 514548
670 488578
673 503330
675 559012
680 450459
682 568654
686 513564
689 480912
690 535189
693 479964
697 495576
699 511538
703 516327
705 493931
710 490706
711 494827
716 502816
718 484615
722 514476
724 518669
727 526514
730 541811
732 567534
735 541964
739 501733
741 520222
744 503410
748 515306
751 472889
753 546587
758 528472
760 504168
762 529475
766 531906
768 453106
772 498881
775 532811
779 487573
781 525333
784 541995
786 511917
790 501292
793 515847
796 465904
799 564791
803 494733
805 531005
809 492302
812 514435
814 533675
817 456736
819 483942
822 472208
826 494991
828 554996
833 492707
835 543006
839 483917
842 506333
845 546554
847 440494
849 513931
853 561403
856 474142
858 534609
862 490922
866 515567
868 487176
871 533704
875 496992
876 503525
880 513352
883 465428
887 458999
890 493390
892 500552
894 496187
899 478940
901 434551
904 489006
907 521875
910 528157
914 495713
916 512991
918 535049
922 501116
924 475787
928 471403
931 510215
933 523149
938 505026
941 495272
943 527835
946 509737
950 471226
951 480839
955 444181
957 490831
962 554276
964 491419
967 472383
969 544015
972 519670
977 524981
980 529568
982 487516
984 491487
987 511015
992 484080
995 482505
996 528647
1000 489295
1002 454752
1006 481987
1009 484227
1012 527773
1015 509533
1019 487182
1021 475797
1025 515077
1028 486845
1031 513774
1033 518770
1036 556082
1040 513486
1043 510937
1045 496127
1048 473795
1051 516710
1053 544520
1057 555121
1060 506794
1063 512230
1065 539418
1069 507105
1071 501901
1075 577165
1079 489479
1080 440088
1084 478130
1087 485093
1090 589076
1093 462080
1096 494168
1099 507954
1101 528227
1105 563130
1107 508164
1111 504271
1115 499210
1116 529152
1111 504271
1123 451144
1126 517596
1130 532468
1131 410433
1135 476183
1137 499914
1140 521133
1145 525638
1146 506287
1151 495158
1154 519715
1157 532519
1159 513171
1163 489297
1165 522950
1169 511529
1171 466790
1174 520191
1176 529102
1179 440206
1183 503992
1187 504136
1189 479394
1192 474930
1194 475159
1198 421091
1201 478936
1203 493529
1207 502500
1210 496842
1212 473672
1216 513802
1219 512891
1222 454788
1225 486421
1227 543663
1230 486336
1234 542765
1237 484916
1240 482961
1242 543408
1247 531919
1250 422881
1253 505940
1254 552987
1257 548523
1261 570281
1264 509026
1267 564261
1271 543015
1273 502507
1276 495901
1278 482420
1282 452872
1285 555046
1287 495715
1292 505583
1294 493873
1296 532851
1300 513984
1303 527921
1306 532956
1309 459673
1313 508343
1316 478217
1319 514502
1320 484072
1324 515496
1327 502932
1330 484850
1332 489944
1336 476460
1339 485003
1343 478757
1345 520469
1347 489183
1351 515102
1353 515153
1356 464774
1360 518699
1363 500312
1365 528989
1368 508150
1373 468003
1375 529643
1377 506356
1380 507174
1384 529383
1386 542014
1390 497770
1393 515592
1396 499672
1399 519205
1401 521347
1405 480118
1408 495325
1410 480692
1414 481206
1417 524031
1420 539313
1422 506189
1427 514859
1429 494707
1431 492724
1435 547825
1439 546467
1440 495743
1443 510371
1448 462718
1449 526153
1454 451956
1455 538384
1459 531046
1462 539373
1465 576494
1467 513615
1470 493628
1473 513944
1477 522737
1479 491723
1482 526839
1486 515344
1490 474059
1491 456788
1496 510151
1497 549036
1500 523112
1503 452975
1507 512892
1509 476043
1514 452096
1515 498248
1519 534242
1522 509382
1526 460567
1529 505787
1531 513928
1534 460873
1537 521256
1539 475084
1543 487761
1545 485261
1548 543980
1552 476390
1555 528217
1558 498524
1561 508798
1564 502713
1567 468478
1570 520569
1573 497260
1575 471876
1579 462727
1583 518361
1584 496583
1589 553906
1590 557483
1593 495974
1596 532320
1601 471592
1602 447247
1605 464366
1609 547392
1612 492758
1614 471916
1618 503254
1621 544301
1624 499307
1626 527487
1630 530496
1632 457675
1635 502152
1639 494001
1642 529340
1646 502527
1647 468001
1652 471224
1654 490192
1656 488463
1660 538836
1663 516314
1666 505087
185 505073
1672 417635
1674 506708
1677 525241
1681 483057
1685 502284
1686 537057
756 523259
1693 469555
1695 490818
1699 478125
1702 488647
1704 505183
1709 518612
1710 548499
1714 503765
1716 504887
1719 497112
1724 586697
1725 482482
1728 513354
1733 499275
1736 491304
1738 519533
1742 486590
1744 473386
1747 498196
1749 537727
1754 556862
1755 506309
1759 512017
1762 528957
1764 523397
1768 545605
1771 487310
1774 527849
1777 483850
1780 490401
1782 497457
1786 507001
1788 464877
1791 488529
1795 530709
1798 509080
1801 520327
1803 525768
1807 481806
1810 499692
1812 521669
1815 544668
1820 494494
1821 521679
1824 541770
1828 463381
1831 520778
1835 531916
1838 540615
1840 500301
1843 551125
1846 470134
1849 497708
1852 557860
1856 492004
1857 510533
1039 513157
1864 540435
1868 474767
1869 477385
1872 485733
1877 484086
1878 526761
1882 514911
1884 473936
1888 480504
1891 529727
1894 542399
1897 475265
1901 481033
1902 462393
1906 524042
1908 528825
1911 530104
1915 542876
1919 567178
1922 504953
1924 515784
1927 428269
1931 545464
1932 532473
1936 527542
1938 513058
1941 509803
1945 440251
1947 537033
1951 501619
1954 498358
1957 540027
1960 491659
1963 495155
1967 525870
1968 441361
1972 506625
1974 495746
1977 480481
1980 518721
1983 580763
1987 529290
1990 445812
1994 528447
1995 531910
1999 494732
2002 474342
2004 508325
2007 480611
2012 555720
2014 429372
2016 511767
2020 498147
2023 529217
2026 565486
2030 483202
2032 494631
2035 502837
2037 492057
2040 471240
2044 538254
2046 471367
2051 542629
2054 483771
2055 560609
2060 501178
2062 537843
2064 619250
2068 570312
2071 507962
2074 548720
2077 491538
2081 452194
2082 522868
2086 428821
2089 514412
2091 524129
2095 475483
2098 509643
2102 508201
2103 524672
2107 521465
2110 511243
2112 566069
2116 491670
2118 527580
663 481241
2124 481105
2128 518224
2131 464020
2133 519005
2136 474785
2140 498299
2143 480320
2147 477312
2150 477572
2151 490872
2155 490883
2157 478182
2161 454636
2164 469008
2166 412058
2170 384676
2172 494638
2176 537763
2179 497056
2182 522885
2185 524185
2188 507421
2192 487477
2194 478960
2197 516470
2200 484383
2203 509497
2205 478518
2209 555746
2211 479278
2216 483473
2219 590708
41 514295
2224 425483
2227 529981
2230 496836
2234 462783
2236 471807
2239 512611
2241 551236
2246 483802
2249 524698
2252 505568
2255 444196
2257 549397
2261 435158
2262 520641
2265 517401
2269 498020
2272 500107
2276 468043
2279 441653
2281 539306
2283 526749
2288 493639
2290 512205
2294 521791
2296 493624
2299 510966
2302 502699
2305 455597
2308 432330
2312 499391
2313 480437
2317 495429
2320 534672
2322 543958
2326 406474
2330 478788
2332 495567
2334 534445
2337 489210
2342 519453
2343 496922
2348 541613
2350 474591
2352 508261
2356 530425
2360 552542
2363 473053
2365 529431
2367 470432
2371 519417
2375 504845
2378 483076
2380 567638
2382 464710
2386 432004
2388 525560
2391 510073
2395 520830
2398 495291
2401 515349
2405 571828
2407 532799
2411 495349
2414 465970
2415 509876
2419 510586
2421 532298
2424 529606
2428 453751
2430 504818
2434 559058
2436 510183
2440 535501
2442 513407
2447 587014
2448 501705
2452 535324
2455 530824
2458 534769
2462 522438
2465 557210
2467 493714
2470 497097
2474 516995
2476 493701
2480 532827
2481 483642
2486 505582
2487 514585
2490 479676
2494 523550
2498 485456
2499 469896
2504 518329
2507 535702
2509 496981
2511 505919
2516 566529
2519 548190
2522 516090
2525 523045
2527 471009
2530 519531
2533 476291
2535 484253
2539 466301
2542 573724
2545 469583
2548 494889
2551 500373
2554 556024
2558 528237
2561 488500
2563 519599
2566 450810
2570 461647
2571 501206
2575 503983
2577 482050
2581 525714
2583 567609
2588 516308
2590 443427
2593 514786
2595 537977
2599 496080
2601 513647
2605 564251
2609 577178
2611 541232
2613 560091
2616 510196
2619 493018
2623 539009
2626 531689
2629 549266
2631 501979
2517 544130
2638 492869
2642 472684
2644 499935
2646 463265
2650 485660
2653 544136
2655 505974
2659 486756
2662 545041
2665 475260
2667 540292
2670 490530
2674 592161
2676 520863
2680 517133
2683 520474
2685 513339
2689 504793
2692 456505
2695 515954
2697 530729
2701 462662
2705 489044
2707 487108
2711 504575
2713 453087
2715 445582
2719 485234
2721 492097
2725 474993
2728 498807
2731 487408
2733 486847
2737 527192
1401 521347
2743 540223
2746 509675
2748 559952
2752 483997
2754 476763
2758 479611
2761 516695
2764 509701
2766 533185
2770 509137
2772 457530
2776 443664
2779 542100
2782 511402
2785 512989
2787 484439
2792 464157
2795 463278
2796 508220
2801 507204
2803 450293
2807 514004
2809 491429
2811 472715
2814 530187
2817 562346
2822 472786
2824 550280
2827 495026
2829 513137
2832 456458
627 468098
2838 517262
2842 530533
2845 498422
2847 448432
888 488411
2855 516154
2856 523754
2860 569833
2863 493749
2866 547959
2870 518647
2873 501670
2876 502687
2878 537821
2880 513602
2883 466686
2887 521096
2890 460651
2892 527920
2897 534949
2898 508846
2903 580659
2906 523200
2907 539791
2911 532491
2914 552335
2916 553594
2919 432549
2923 489270
2926 519494
2929 494920
2932 495275
2935 542573
2937 511301
1216 513802
2944 465209
2946 485434
2950 489863
2952 540898
2956 496876
2960 517098
1584 496583
2966 481902
2969 559642
2970 537314
2975 524567
2978 512137
2980 589119
2983 470276
2985 511666
2989 521734
2992 496982
2994 548367
2998 523842
