0 531032
1 486613
2 470951
3 546397
4 488093
5 525561
6 537873
7 452352
8 481793
9 486822
10 476935
11 517010
12 527366
13 522455
14 568223
15 486226
16 515734
17 459539
18 481207
19 563072
20 480552
21 446829
22 485027
23 503866
24 522426
25 474490
26 482912
27 491828
28 473795
29 493235
30 491633
31 548599
32 524810
33 565665
34 510835
35 525749
36 510599
37 523128
38 508960
39 521813
40 515824
41 491321
42 436700
43 476210
44 485068
45 519328
46 482707
47 504898
48 548172
49 495853
50 505190
51 498131
52 521288
53 491618
54 517007
55 535831
56 518074
57 525466
58 525832
59 583275
60 499376
61 492377
62 474817
63 464137
64 460792
65 434839
66 519743
67 531585
68 532476
69 489189
70 499091
71 488324
72 480018
73 569774
74 551590
75 523938
76 535494
77 513869
78 446554
79 488405
80 468606
81 506362
82 447289
83 452486
84 486318
85 489868
86 500917
87 494045
88 515903
89 553938
90 491122
91 495645
92 534745
93 468657
94 541723
95 481078
96 522003
97 465459
98 481471
99 415848
100 492708
101 509096
102 517317
103 575013
104 485422
105 544945
106 511236
107 454683
108 485788
109 543876
110 542457
111 474282
112 520361
113 486124
114 515111
115 547026
116 488977
117 502123
118 485838
119 550461
120 515181
121 508096
122 489735
123 550266
124 587270
125 435944
126 543989
127 510836
128 495169
129 530405
130 516566
131 497576
132 486875
133 499403
134 512052
135 512775
136 513880
137 536312
138 523036
139 462893
140 505417
141 501861
142 458796
143 459609
144 539915
145 512478
146 473626
147 536968
148 472024
149 500160
150 476205
151 517062
152 481274
153 539610
154 502135
155 523036
156 497815
157 503424
158 495443
159 441007
160 513736
161 575869
162 452590
163 509788
164 496588
165 480645
166 501294
167 505532
168 481878
169 416604
170 493560
171 567296
172 521511
173 542403
174 486820
175 520133
176 509270
177 534938
178 563270
179 507692
180 458715
181 509387
182 491504
183 478878
184 536695
185 528422
186 446299
187 488954
188 521128
189 522182
190 497483
191 535514
192 544627
193 591098
194 527181
195 472807
196 526711
197 461362
198 488147
199 508030
200 516948
201 514899
202 555401
203 559910
204 517878
205 537555
206 503284
207 476002
208 559917
209 473035
210 495823
211 542182
212 506683
213 512679
214 537600
215 469789
216 516138
217 482591
218 542084
219 512793
220 499246
221 505579
222 452719
223 489539
224 532737
225 495969
226 478901
227 524371
228 516845
229 473218
230 511591
231 505112
232 542121
233 478388
234 464587
235 465278
236 511049
237 540772
238 509034
239 500835
240 490572
241 550216
242 464130
243 448568
244 501641
245 587014
246 450035
247 513047
248 576445
249 511662
250 523806
251 529072
252 527252
253 487700
254 474593
255 502698
256 502826
257 505906
258 506015
259 492804
260 492821
261 478280
262 536690
263 534495
264 558638
265 518316
266 498817
267 533612
268 506575
269 534227
270 536386
271 507503
272 521056
273 534660
274 520036
275 514290
276 424832
277 494183
278 576116
279 542873
280 509674
281 493205
282 539623
283 523475
284 518089
285 517255
286 544129
287 528420
288 524019
289 515328
290 532629
291 519653
292 520287
293 558840
294 482499
295 509436
296 513900
297 485165
298 519910
299 485891
300 548693
301 531616
302 539430
303 462135
304 511965
305 489604
306 516039
307 499342
308 504570
309 518254
310 563291
311 462025
312 514612
313 561836
314 485189
315 494245
316 487516
317 512501
318 455898
319 471486
320 523330
321 516873
322 461042
323 530638
324 487509
325 519915
326 528299
327 547387
328 501505
329 478380
330 469729
331 442818
332 484985
333 559923
334 499587
335 527290
336 490864
337 492000
338 553820
339 500370
340 502532
341 547091
342 519041
343 549244
344 545842
345 483226
346 526165
347 567915
348 497398
349 434265
350 530368
351 562935
352 537418
353 492723
354 505287
355 484734
356 532769
357 575866
358 525708
359 563049
360 489300
361 528262
362 571469
363 538891
364 510880
365 501210
366 500132
367 503329
368 442316
369 510019
370 483178
371 463845
372 473629
373 521454
374 540285
375 523088
376 539416
377 502277
378 495196
379 541179
380 520769
381 518787
382 493595
383 514532
384 530069
385 597905
386 572999
387 498954
388 539610
389 467535
390 535785
391 537055
392 460742
393 526757
394 525100
395 503155
396 491533
397 535776
398 508633
399 565415
400 471005
401 430805
402 504337
403 520846
404 501969
405 514455
406 526875
407 491269
408 497253
409 505385
410 521932
411 496544
412 503831
413 503255
414 497888
415 532119
416 577746
417 477392
418 534894
419 468103
420 531864
421 502499
422 544403
423 500875
424 505396
425 540988
426 540871
427 548801
428 570378
429 522621
430 471888
431 540473
432 449799
433 492497
434 456691
435 553264
436 538393
437 527044
438 536826
439 470631
440 509028
441 490067
442 491259
443 502494
444 540171
445 548948
446 545576
447 520575
448 568690
449 503870
450 475498
451 490896
452 524313
453 533487
454 492049
455 517034
456 522602
457 577242
458 484391
459 486104
460 493799
461 451614
462 471752
463 569471
464 460461
465 548278
466 513767
467 478293
468 479163
469 504572
470 515111
471 503422
472 461013
473 483114
474 512593
475 457836
476 483348
477 491337
478 526930
479 503039
480 543901
481 528885
482 499757
483 470427
484 490749
485 522284
486 582414
487 497260
488 490311
489 470181
490 492577
491 536675
492 558283
493 495806
494 483901
495 505572
496 535591
497 547163
498 506240
499 552100
500 488134
501 504369
502 492655
503 470237
504 522471
505 555821
506 489781
507 490666
508 466752
509 534878
510 463363
511 492244
512 493512
513 468558
514 582958
515 484024
516 455229
517 445196
518 481873
519 515378
520 522542
521 561989
522 527101
523 492174
524 458353
525 429008
526 522739
527 541811
528 566514
529 473448
530 454508
531 512511
532 519741
533 489795
534 495745
535 544877
536 491142
537 502195
538 523329
539 541028
540 463714
541 490839
542 568982
543 451477
544 457873
545 448343
546 484570
547 499089
548 505413
549 495292
550 494644
551 524912
552 486743
553 502157
554 537892
555 529924
556 469676
557 491161
558 513744
559 539730
560 519680
561 506314
562 458479
563 514915
564 529994
565 518760
566 489095
567 491663
568 496818
569 478621
570 464036
571 483261
572 507820
573 506862
574 433156
575 491342
576 512934
577 483777
578 483232
579 447699
580 452087
581 527999
582 493889
583 579403
584 552444
585 497363
586 520512
587 504396
588 494466
589 544484
590 516432
591 430952
592 532724
593 487660
594 510510
595 526988
596 516591
597 483618
598 481006
599 590084
600 521304
601 467236
602 531811
603 497766
604 560491
605 523500
606 525556
607 521362
608 466086
609 496187
610 491955
611 499419
612 523413
613 465236
614 526983
615 509381
616 544721
617 457673
618 486610
619 541892
620 533940
621 482502
622 518432
623 495781
624 526370
625 526838
626 535766
627 498146
628 527426
629 538113
630 492488
631 463805
632 503306
633 496255
634 546756
635 461712
636 463339
637 551224
638 473722
639 518998
640 455284
641 504947
642 443251
643 512048
644 539028
645 486248
646 531602
647 499519
648 483109
649 463040
650 493564
651 542011
652 518016
653 512206
654 507282
655 525998
656 521200
657 513545
658 444312
659 466837
660 502347
661 501014
662 487565
663 457909
664 484371
665 498372
666 492601
667 476939
668 574713
669 549864
670 515521
671 535561
672 501116
673 486944
674 503848
675 510329
676 476211
677 495585
678 452054
679 520582
680 469013
681 493362
682 490658
683 500363
684 520527
685 491200
686 480406
687 487717
688 512752
689 480238
690 538491
691 481418
692 445171
693 511248
694 521700
695 514867
696 544222
697 511316
698 492647
699 478399
700 514987
701 513339
702 549940
703 468385
704 541612
705 494280
706 526421
707 516515
708 494945
709 489715
710 500864
711 539749
712 546285
713 485093
714 517766
715 500584
716 451905
717 535279
718 436859
719 506579
720 451999
721 570804
722 525502
723 466661
724 496778
725 525764
726 502113
727 509443
728 476905
729 504944
730 501259
731 540558
732 484082
733 434382
734 444837
735 549620
736 576811
737 494662
738 511667
739 503825
740 516776
741 480268
742 452808
743 548032
744 526000
745 553217
746 460176
747 485393
748 565803
749 517524
750 446942
751 440497
752 476709
753 517081
754 501496
755 440046
756 459551
757 510528
758 524405
759 508431
760 488891
761 423040
762 472978
763 493199
764 535482
765 514669
766 510194
767 507273
768 534049
769 497439
770 541339
771 500659
772 459088
773 531479
774 517891
775 501030
776 505840
777 485841
778 512727
779 458897
780 484321
781 532330
782 489760
783 465106
784 549925
785 466748
786 481325
787 532342
788 453216
789 494099
790 468188
791 517002
792 504002
793 501642
794 497841
795 504703
796 535950
797 477888
798 521805
799 522535
800 548518
801 541322
802 494765
803 495522
804 517583
805 536346
806 473698
807 522555
808 552108
809 528514
810 480848
811 538575
812 466556
813 508859
814 505521
815 475016
816 519739
817 590469
818 529184
819 515826
820 507173
821 503031
822 509451
823 515285
824 533358
825 530198
826 494495
827 460667
828 508860
829 529128
830 565440
831 499797
832 471432
833 487269
834 508199
835 509913
836 520054
837 480010
838 510301
839 479024
840 462691
841 532845
842 545640
843 467307
844 496028
845 545502
846 507252
847 503954
848 489997
849 534852
850 517703
851 516673
852 489762
853 537978
854 478213
855 564954
856 515312
857 466336
858 480992
859 482950
860 484707
861 563958
862 534296
863 544053
864 534142
865 552227
866 563825
867 488606
868 496085
869 523166
870 513139
871 475870
872 538589
873 521854
874 524835
875 517014
876 473010
877 536525
878 481789
879 503796
880 509578
881 539448
882 500690
883 488262
884 480056
885 486719
886 558381
887 517955
888 476588
889 453339
890 531398
891 512888
892 468120
893 482732
894 481259
895 544080
896 519656
897 514323
898 474593
899 475004
900 495754
901 514459
902 498082
903 519340
904 515623
905 526651
906 498548
907 526708
908 536048
909 501855
910 512256
911 512122
912 490963
913 485243
914 584996
915 520042
916 541186
917 544073
918 515597
919 473653
920 465329
921 521781
922 573188
923 526844
924 491141
925 537999
926 513145
927 517887
928 551112
929 488774
930 486394
931 571835
932 510370
933 512752
934 574750
935 493848
936 569052
937 497419
938 542835
939 565628
940 518155
941 516787
942 452594
943 500565
944 555622
945 493642
946 495984
947 530905
948 474290
949 536711
950 525428
951 519009
952 492074
953 526748
954 507937
955 535441
956 464631
957 483124
958 519504
959 528406
960 532722
961 550277
962 513303
963 485973
964 554154
965 486537
966 477012
967 497297
968 512676
969 521389
970 517664
971 489285
972 468526
973 556636
974 492883
975 525838
976 467273
977 466056
978 478255
979 450853
980 496855
981 525434
982 505352
983 528243
984 487685
985 491101
986 514238
987 496796
988 497819
989 503983
990 517073
991 546596
992 491184
993 526053
994 502959
995 500785
996 468796
997 425599
998 480856
999 490448
