0 531032
1 531032
2 531032
3 546397
4 546397
5 546397
6 546397
7 546397
8 546397
9 546397
10 546397
11 546397
12 546397
13 546397
14 568223
15 568223
16 568223
17 568223
18 568223
19 568223
20 568223
21 568223
22 568223
23 568223
24 568223
25 568223
26 568223
27 568223
28 568223
29 568223
30 568223
31 568223
32 568223
33 568223
34 568223
35 568223
36 568223
37 568223
38 568223
39 568223
40 568223
41 568223
42 568223
43 568223
44 568223
45 568223
46 568223
47 568223
48 568223
49 568223
50 568223
51 568223
52 568223
53 568223
54 568223
55 568223
56 568223
57 568223
58 568223
59 583275
60 583275
61 583275
62 583275
63 583275
64 583275
65 583275
66 583275
67 583275
68 583275
69 583275
70 583275
71 583275
72 583275
73 583275
74 583275
75 583275
76 583275
77 583275
78 583275
79 583275
80 583275
81 583275
82 583275
83 583275
84 583275
85 583275
86 583275
87 583275
88 583275
89 583275
90 583275
91 583275
92 583275
93 583275
94 583275
95 583275
96 583275
97 583275
98 583275
99 583275
100 583275
101 583275
102 583275
103 583275
104 583275
105 583275
106 583275
107 583275
108 583275
109 583275
110 583275
111 583275
112 583275
113 583275
114 583275
115 583275
116 583275
117 583275
118 583275
119 583275
120 583275
121 583275
122 583275
123 583275
124 587270
125 587270
126 587270
127 587270
128 587270
129 587270
130 587270
131 587270
132 587270
133 587270
134 587270
135 587270
136 587270
137 587270
138 587270
139 587270
140 587270
141 587270
142 587270
143 587270
144 587270
145 587270
146 587270
147 587270
148 587270
149 587270
150 587270
151 587270
152 587270
153 587270
154 587270
155 587270
156 587270
157 587270
158 587270
159 587270
160 587270
161 587270
162 587270
163 587270
164 587270
165 587270
166 587270
167 587270
168 587270
169 587270
170 587270
171 587270
172 587270
173 587270
174 587270
175 587270
176 587270
177 587270
178 587270
179 587270
180 587270
181 587270
182 587270
183 587270
184 587270
185 587270
186 587270
187 587270
188 587270
189 587270
190 587270
191 587270
192 587270
193 591098
194 591098
195 591098
196 591098
197 591098
198 591098
199 591098
200 591098
201 591098
202 591098
203 591098
204 591098
205 591098
206 591098
207 591098
208 591098
209 591098
210 591098
211 591098
212 591098
213 591098
214 591098
215 591098
216 591098
217 591098
218 591098
219 591098
220 591098
221 591098
222 591098
223 591098
224 591098
225 591098
226 591098
227 591098
228 591098
229 591098
230 591098
231 591098
232 591098
233 591098
234 591098
235 591098
236 591098
237 591098
238 591098
239 591098
240 591098
241 591098
242 591098
243 591098
244 591098
245 591098
246 591098
247 591098
248 591098
249 591098
250 591098
251 591098
252 591098
253 591098
254 591098
255 591098
256 591098
257 591098
258 591098
259 591098
260 591098
261 591098
262 591098
263 591098
264 591098
265 591098
266 591098
267 591098
268 591098
269 591098
270 591098
271 591098
272 591098
273 591098
274 591098
275 591098
276 591098
277 591098
278 591098
279 591098
280 591098
281 591098
282 591098
283 591098
284 591098
285 591098
286 591098
287 591098
288 591098
289 591098
290 591098
291 591098
292 591098
293 591098
294 591098
295 591098
296 591098
297 591098
298 591098
299 591098
300 591098
301 591098
302 591098
303 591098
304 591098
305 591098
306 591098
307 591098
308 591098
309 591098
310 591098
311 591098
312 591098
313 591098
314 591098
315 591098
316 591098
317 591098
318 591098
319 591098
320 591098
321 591098
322 591098
323 591098
324 591098
325 591098
326 591098
327 591098
328 591098
329 591098
330 591098
331 591098
332 591098
333 591098
334 591098
335 591098
336 591098
337 591098
338 591098
339 591098
340 591098
341 591098
342 591098
343 591098
344 591098
345 591098
346 591098
347 591098
348 591098
349 591098
350 591098
351 591098
352 591098
353 591098
354 591098
355 591098
356 591098
357 591098
358 591098
359 591098
360 591098
361 591098
362 591098
363 591098
364 591098
365 591098
366 591098
367 591098
368 591098
369 591098
370 591098
371 591098
372 591098
373 591098
374 591098
375 591098
376 591098
377 591098
378 591098
379 591098
380 591098
381 591098
382 591098
383 591098
384 591098
385 597905
386 597905
387 597905
388 597905
389 597905
390 597905
391 597905
392 597905
393 597905
394 597905
395 597905
396 597905
397 597905
398 597905
399 597905
400 597905
401 597905
402 597905
403 597905
404 597905
405 597905
406 597905
407 597905
408 597905
409 597905
410 597905
411 597905
412 597905
413 597905
414 597905
415 597905
416 597905
417 597905
418 597905
419 597905
420 597905
421 597905
422 597905
423 597905
424 597905
425 597905
426 597905
427 597905
428 597905
429 597905
430 597905
431 597905
432 597905
433 597905
434 597905
435 597905
436 597905
437 597905
438 597905
439 597905
440 597905
441 597905
442 597905
443 597905
444 597905
445 597905
446 597905
447 597905
448 597905
449 597905
450 597905
451 597905
452 597905
453 597905
454 597905
455 597905
456 597905
457 597905
458 597905
459 597905
460 597905
461 597905
462 597905
463 597905
464 597905
465 597905
466 597905
467 597905
468 597905
469 597905
470 597905
471 597905
472 597905
473 597905
474 597905
475 597905
476 597905
477 597905
478 597905
479 597905
480 597905
481 597905
482 597905
483 597905
484 597905
485 597905
486 597905
487 597905
488 597905
489 597905
490 597905
491 597905
492 597905
493 597905
494 597905
495 597905
496 597905
497 597905
498 597905
499 597905
500 597905
501 597905
502 597905
503 597905
504 597905
505 597905
506 597905
507 597905
508 597905
509 597905
510 597905
511 597905
512 597905
513 597905
514 597905
515 597905
516 597905
517 597905
518 597905
519 597905
520 597905
521 597905
522 597905
523 597905
524 597905
525 597905
526 597905
527 597905
528 597905
529 597905
530 597905
531 597905
532 597905
533 597905
534 597905
535 597905
536 597905
537 597905
538 597905
539 597905
540 597905
541 597905
542 597905
543 597905
544 597905
545 597905
546 597905
547 597905
548 597905
549 597905
550 597905
551 597905
552 597905
553 597905
554 597905
555 597905
556 597905
557 597905
558 597905
559 597905
560 597905
561 597905
562 597905
563 597905
564 597905
565 597905
566 597905
567 597905
568 597905
569 597905
570 597905
571 597905
572 597905
573 597905
574 597905
575 597905
576 597905
577 597905
578 597905
579 597905
580 597905
581 597905
582 597905
583 597905
584 597905
585 597905
586 597905
587 597905
588 597905
589 597905
590 597905
591 597905
592 597905
593 597905
594 597905
595 597905
596 597905
597 597905
598 597905
599 597905
600 597905
601 597905
602 597905
603 597905
604 597905
605 597905
606 597905
607 597905
608 597905
609 597905
610 597905
611 597905
612 597905
613 597905
614 597905
615 597905
616 597905
617 597905
618 597905
619 597905
620 597905
621 597905
622 597905
623 597905
624 597905
625 597905
626 597905
627 597905
628 597905
629 597905
630 597905
631 597905
632 597905
633 597905
634 597905
635 597905
636 597905
637 597905
638 597905
639 597905
640 597905
641 597905
642 597905
643 597905
644 597905
645 597905
646 597905
647 597905
648 597905
649 597905
650 597905
651 597905
652 597905
653 597905
654 597905
655 597905
656 597905
657 597905
658 597905
659 597905
660 597905
661 597905
662 597905
663 597905
664 597905
665 597905
666 597905
667 597905
668 597905
669 597905
670 597905
671 597905
672 597905
673 597905
674 597905
675 597905
676 597905
677 597905
678 597905
679 597905
680 597905
681 597905
682 597905
683 597905
684 597905
685 597905
686 597905
687 597905
688 597905
689 597905
690 597905
691 597905
692 597905
693 597905
694 597905
695 597905
696 597905
697 597905
698 597905
699 597905
700 597905
701 597905
702 597905
703 597905
704 597905
705 597905
706 597905
707 597905
708 597905
709 597905
710 597905
711 597905
712 597905
713 597905
714 597905
715 597905
716 597905
717 597905
718 597905
719 597905
720 597905
721 597905
722 597905
723 597905
724 597905
725 597905
726 597905
727 597905
728 597905
729 597905
730 597905
731 597905
732 597905
733 597905
734 597905
735 597905
736 597905
737 597905
738 597905
739 597905
740 597905
741 597905
742 597905
743 597905
744 597905
745 597905
746 597905
747 597905
748 597905
749 597905
750 597905
751 597905
752 597905
753 597905
754 597905
755 597905
756 597905
757 597905
758 597905
759 597905
760 597905
761 597905
762 597905
763 597905
764 597905
765 597905
766 597905
767 597905
768 597905
769 597905
770 597905
771 597905
772 597905
773 597905
774 597905
775 597905
776 597905
777 597905
778 597905
779 597905
780 597905
781 597905
782 597905
783 597905
784 597905
785 597905
786 597905
787 597905
788 597905
789 597905
790 597905
791 597905
792 597905
793 597905
794 597905
795 597905
796 597905
797 597905
798 597905
799 597905
800 597905
801 597905
802 597905
803 597905
804 597905
805 597905
806 597905
807 597905
808 597905
809 597905
810 597905
811 597905
812 597905
813 597905
814 597905
815 597905
816 597905
817 597905
818 597905
819 597905
820 597905
821 597905
822 597905
823 597905
824 597905
825 597905
826 597905
827 597905
828 597905
829 597905
830 597905
831 597905
832 597905
833 597905
834 597905
835 597905
836 597905
837 597905
838 597905
839 597905
840 597905
841 597905
842 597905
843 597905
844 597905
845 597905
846 597905
847 597905
848 597905
849 597905
850 597905
851 597905
852 597905
853 597905
854 597905
855 597905
856 597905
857 597905
858 597905
859 597905
860 597905
861 597905
862 597905
863 597905
864 597905
865 597905
866 597905
867 597905
868 597905
869 597905
870 597905
871 597905
872 597905
873 597905
874 597905
875 597905
876 597905
877 597905
878 597905
879 597905
880 597905
881 597905
882 597905
883 597905
884 597905
885 597905
886 597905
887 597905
888 597905
889 597905
890 597905
891 597905
892 597905
893 597905
894 597905
895 597905
896 597905
897 597905
898 597905
899 597905
900 597905
901 597905
902 597905
903 597905
904 597905
905 597905
906 597905
907 597905
908 597905
909 597905
910 597905
911 597905
912 597905
913 597905
914 597905
915 597905
916 597905
917 597905
918 597905
919 597905
920 597905
921 597905
922 597905
923 597905
924 597905
925 597905
926 597905
927 597905
928 597905
929 597905
930 597905
931 597905
932 597905
933 597905
934 597905
935 597905
936 597905
937 597905
938 597905
939 597905
940 597905
941 597905
942 597905
943 597905
944 597905
945 597905
946 597905
947 597905
948 597905
949 597905
950 597905
951 597905
952 597905
953 597905
954 597905
955 597905
956 597905
957 597905
958 597905
959 597905
960 597905
961 597905
962 597905
963 597905
964 597905
965 597905
966 597905
967 597905
968 597905
969 597905
970 597905
971 597905
972 597905
973 597905
974 597905
975 597905
976 597905
977 597905
978 597905
979 597905
980 597905
981 597905
982 597905
983 597905
984 597905
985 597905
986 597905
987 597905
988 597905
989 597905
990 597905
991 597905
992 597905
993 597905
994 597905
995 597905
996 597905
997 597905
998 597905
999 597905
