9586 9476
7915 104
9272 6551
1632 7816
991 118
971 7752
6383 3360
9822 1400
5083 153
1170 2193
6687 8669
6347 3436
6564 5107
6483 4460
9532 2068
5294 1610
4917 9099
9377 4334
7600 8656
205 9024
5683 4088
9503 1170
7063 6523
8927 9895
1865 9414
7185 8195
30 4348
8939 9347
9479 2748
7215 657
4000 2565
5423 933
2199 342
278 2356
5623 3280
9729 2256
309 5177
1874 9843
865 2536
2538 9574
6285 8202
3171 2164
390 3861
6338 4679
5009 3207
9020 653
7271 714
5702 2190
9925 650
5025 5982
5686 1252
6547 9000
2168 3622
9259 2047
4449 4788
9781 469
36 7581
4361 4432
6807 4686
7859 9197
9767 5070
2978 8611
8013 5103
7698 787
8869 1337
9149 4399
8071 2715
4089 3789
3466 997
4699 1877
1542 8288
3116 6671
1631 2246
9607 7757
52 8858
6483 4170
6722 8912
4230 6207
8457 781
2076 7811
9180 2437
7115 8518
5213 9098
4555 415
7541 2085
5419 8470
6015 5949
5996 8062
3864 600
2601 1702
1678 5242
1659 1117
5354 3575
6349 1562
9093 4117
5411 3999
2616 8076
3511 6551
5243 7914
1746 4826
9617 2560
3855 1735
6518 2745
8477 3200
7233 8034
5308 1644
4757 3350
9484 1908
8697 9616
1695 3763
