0 825647
1 825647
2 825647
3 825647
4 825647
5 825647
6 825647
7 825647
8 825647
9 825647
10 825647
11 826427
12 826427
13 826427
14 826427
15 826427
16 826427
17 826427
18 826427
19 826427
20 826427
21 826427
22 826427
23 826427
24 826427
25 826427
26 826427
27 826427
28 826427
29 826427
30 826427
31 826427
32 826427
33 826427
34 826427
35 826427
36 826427
37 826427
38 826427
39 826427
40 826427
41 826427
42 826427
43 826427
44 826427
45 826427
46 826427
47 826427
48 826427
49 829969
50 829969
51 829969
52 829969
53 829969
54 829969
55 829969
56 829969
57 829969
58 857625
59 857625
60 857625
61 857625
62 857625
63 857625
64 857625
65 857625
66 857625
67 857625
68 857625
69 857625
