5755 6009
3655 5106
7661 6067
9876 5361
3839 1763
7578 7260
8510 7377
8870 5890
6173 7075
146 3884
2057 6388
1261 9231
7238 6640
9194 6695
7503 6715
882 1591
995 8329
8139 1375
7989 2397
7540 7686
3272 2993
5203 5715
5703 9763
2722 6292
4288 6576
9988 9891
8562 2556
7706 6779
8647 3174
6223 6806
7005 4301
3150 2637
8574 3150
286 3314
3504 6729
1888 1977
4312 8310
6150 5831
3366 6276
7952 355
1575 3400
6861 351
3350 7080
6503 4594
4806 1265
7523 6956
2797 1959
8417 5370
6078 67
7184 523
5052 1196
2321 7342
2472 3435
1545 5169
588 6165
3732 1917
1313 4606
8954 8855
2400 1522
7027 3392
8475 7386
2126 5501
6001 5573
8549 8649
7900 6269
2768 6521
3037 2871
9778 7299
6783 4073
8490 8298
6917 8132
8241 8284
7141 5516
9728 1055
34 5244
8956 4152
1843 3256
7928 939
72 380
345 735
4062 7873
5497 8727
7530 1952
3510 3273
249 3414
9148 2890
1545 6662
8388 7844
5597 5170
4925 5352
8811 5688
2745 6300
4236 2250
6126 8862
7489 2200
9154 2652
8297 1335
8298 4352
6009 3107
6154 8142
6571 2604
5824 5014
824 8019
5283 1890
4380 6810
2214 7417
3667 1190
8930 3271
1075 4805
7152 2848
6345 914
7866 8765
961 1339
9149 8178
3032 4104
7277 9198
8123 5566
8298 1793
6884 1965
3946 4810
1988 3548
7902 8072
483 657
5303 7155
2560 7433
9571 8951
2021 6205
2736 4558
3503 6921
7788 356
9362 7360
681 3538
1612 8821
3620 7401
6535 7239
5045 8781
8744 9656
8974 8362
5589 5765
1373 4157
1042 9414
9503 9650
317 8592
4969 2301
432 3899
8854 8154
4421 6404
9556 7411
4228 3495
8604 1336
3656 2421
5131 9176
9475 7439
3186 3160
7868 2137
2359 1114
6489 899
5003 2047
6727 2592
1753 5169
1232 1331
2887 8476
