0 506397
2 564537
5 485044
6 463206
8 535101
11 538981
12 548854
14 530818
17 535552
18 477525
21 551030
23 504950
25 510032
27 498696
28 506653
30 511331
32 505408
35 516419
36 536504
38 485880
41 488118
42 525203
45 476374
47 568528
49 485891
51 491753
52 527987
55 479092
56 520078
59 520738
61 474011
63 492026
64 474473
67 523836
69 474904
71 499263
72 512218
75 504469
77 496784
78 588403
81 474324
82 557455
85 503488
87 461987
89 520905
91 481844
92 503580
95 495784
97 544991
98 465693
101 458020
102 561404
104 547687
107 495353
108 556362
110 534606
113 515588
115 500847
117 517275
119 464068
120 505704
123 485803
124 477828
127 488378
128 553582
131 446882
132 527965
135 539658
136 481292
138 483911
140 521936
143 556458
145 559918
146 550817
149 419709
151 563657
153 493838
155 492330
156 517974
159 576912
161 513185
163 484772
164 516360
166 488359
169 479032
170 513803
173 553234
175 472011
176 566127
179 507390
180 493617
183 540334
185 530595
186 477509
188 536141
190 508805
192 474567
195 514466
196 464928
199 506682
200 521995
203 512541
204 470680
206 510163
209 474964
210 492135
213 510089
214 503405
217 512312
219 503543
220 504326
223 494320
224 521924
227 433353
228 516029
231 516066
233 488607
235 482138
236 495350
238 498159
241 524371
242 464705
244 444848
247 528045
248 514322
251 517110
252 480114
255 530092
257 529642
258 534699
260 523454
262 443101
264 493952
267 519234
269 539092
270 536074
273 508175
274 540620
276 533491
279 494507
281 484510
282 501991
285 489726
286 508721
288 475759
290 471526
293 513024
294 470284
297 522920
298 537392
301 541612
303 467420
304 518217
307 493406
309 503598
310 478488
312 518763
315 529175
316 505455
319 528419
321 531049
29 508757
324 488790
326 487013
329 523184
330 507985
333 529174
335 481641
336 510021
338 482075
340 504564
343 497122
345 503632
346 551340
348 515468
351 543836
352 565412
355 460890
357 542192
358 553411
360 509433
362 515565
365 564429
367 579526
369 487237
371 518864
373 596894
374 537321
376 500144
379 541615
380 475167
382 521779
384 439099
386 497642
389 507608
390 477177
393 522787
395 547963
396 497763
399 475544
401 507630
402 465813
404 513191
407 526424
409 544214
410 533063
413 496774
414 575186
417 447341
418 544162
420 483828
423 460332
424 536323
426 449381
428 473206
431 525559
433 484288
434 588802
436 547502
438 476779
440 529981
443 514238
444 531050
447 518076
449 497108
450 471869
452 546415
455 521114
457 505066
458 524503
461 475259
462 489140
465 514613
467 512502
469 509492
471 510709
472 501244
474 476658
476 527538
478 440230
480 522768
483 501302
485 547332
487 529627
489 514551
490 503171
492 477675
495 471658
496 512793
499 538128
501 433819
503 536410
504 571046
507 524228
508 491143
511 493338
513 501524
515 476908
517 494723
518 459843
521 481426
523 525917
524 458977
527 531288
529 456728
530 478744
532 450498
535 446835
537 472685
538 537560
540 540385
542 550722
545 526287
546 564136
548 482679
551 542295
552 536551
554 458889
556 504216
559 582548
560 527577
563 519037
564 491323
567 477794
569 524251
570 537328
572 448238
575 534921
576 502477
578 491888
581 539892
582 458524
585 476907
586 523869
589 527047
590 486648
593 484543
594 540220
597 497225
599 582226
601 483816
602 541658
605 540543
606 493741
609 542015
611 513071
613 560534
614 487468
617 577989
619 512677
621 545835
622 504087
5 485044
627 542804
628 510933
631 470566
633 470274
635 564118
636 533420
638 506683
641 518786
642 560798
645 504075
646 505802
649 532945
650 530008
652 491979
654 531579
656 494196
658 518331
661 523934
663 494983
664 542346
667 454434
668 507244
670 488616
673 550438
675 493090
676 453939
679 507644
681 506761
683 577127
685 490257
686 474299
688 541010
690 455092
693 496456
694 519452
696 531853
699 514511
700 481417
702 484869
704 515387
706 528776
708 537540
711 507937
712 525934
714 517308
717 468129
718 496045
720 469484
723 487525
725 513667
727 509801
728 552300
730 463890
732 420668
735 519499
736 482384
738 473417
741 497228
742 480344
745 512458
747 548655
748 480909
750 523152
752 563156
754 530211
756 538034
758 575999
760 517907
763 534044
764 516912
767 491107
331 510406
771 482036
772 563359
774 522141
776 490171
779 542100
780 504571
783 500871
784 502888
786 482670
789 495828
791 512329
792 537391
794 524385
796 514048
798 524533
801 429807
803 510201
804 519148
806 515614
808 484769
810 499440
813 500223
815 571942
817 475757
819 512656
821 497452
823 490030
824 508767
827 523991
828 448752
830 484167
832 557516
834 499104
837 508389
838 492029
841 490961
843 542460
844 485910
846 486531
848 539031
850 501477
853 498531
854 539983
857 502113
858 548213
860 481067
862 520722
864 498394
867 533068
869 516560
870 494777
872 520239
875 541114
877 547424
879 486406
880 528226
883 447141
885 512110
886 543170
889 463078
890 547085
893 532718
894 484808
896 501870
898 425827
900 581191
902 497868
905 506165
906 471725
908 481092
910 450472
913 421301
914 490265
916 544461
919 509930
921 524908
922 496740
925 571479
926 553750
929 481518
931 474338
932 500107
934 540639
936 492790
939 510014
940 562744
942 486029
944 519210
947 444510
949 521598
951 535428
952 528244
954 473125
956 531585
959 503910
960 510734
962 521630
964 468076
966 539021
968 465739
970 430320
973 539595
974 461185
977 481668
978 463454
980 555182
983 576114
984 515046
986 505011
988 500151
990 521418
993 468081
994 557966
996 502378
998 497832
1001 513591
1002 515129
1004 489910
1007 552460
1009 537284
1010 459010
1012 494135
1015 498717
1016 558095
1018 568654
1020 516529
1022 508166
1025 538974
1026 475100
1029 516877
1031 520555
1032 544359
1034 465975
1036 498271
1039 475717
1040 520960
1043 517559
1044 524805
1047 533378
1048 516471
1050 490214
1052 531210
1055 528914
1056 488316
1058 537542
1060 433025
1062 467524
1064 530013
1066 448924
1069 496833
1070 495190
1072 473198
1074 518505
1076 471560
1078 539529
1080 477736
1082 492313
1085 533597
1087 521485
1089 495309
1091 526542
1092 466118
1094 472489
1096 503254
1098 533074
1101 489943
1102 517218
1104 440848
1107 505943
1109 468715
1110 503496
1112 490318
1114 499253
1116 458845
1118 512697
1120 516285
1122 476023
1125 506543
1127 519791
1128 504640
1130 498284
1132 483201
1134 476343
1136 480855
1139 485878
1140 482236
1143 547982
1145 457119
1146 498690
1149 471176
1150 473034
1153 540710
1155 532105
1157 488750
1159 556927
1160 565055
1163 419650
1164 468156
1167 523603
1168 539574
1170 480078
1173 453848
1175 520625
1177 497650
1178 471265
1180 523874
1183 513021
1184 483475
1186 509485
1189 517060
1190 524237
1193 431984
1194 519213
1197 471165
1198 532310
1201 553287
1203 494566
1204 483493
1206 488731
1209 502350
1210 503644
1213 535565
1214 508906
1216 508701
1219 521771
1221 485622
1222 468811
1224 552623
1226 530259
1229 470840
1230 503968
1233 528574
1235 489120
1237 530691
1239 491015
1241 542499
1242 566232
1245 483977
1247 527785
1249 564662
1250 527886
1252 483281
1255 502781
1256 517018
306 489360
1261 529474
1263 462433
1264 511196
1266 538367
1269 519474
1270 488495
1273 524649
1274 502489
1276 551334
1278 529026
1280 518212
1283 495862
1284 568727
1286 511531
1289 509240
1290 551353
1293 522924
1295 459709
1297 513670
945 523774
1301 464324
1302 463858
1305 443305
1307 455181
1308 546742
1311 505467
1313 506379
1315 567229
1316 481873
1318 545975
1320 488483
1322 540923
1325 475621
1327 549292
1329 515481
1330 494694
1333 494673
1335 518885
1337 527512
1339 493899
1340 552458
1343 485617
1344 525831
1346 482787
1348 484943
1350 516568
1352 494850
1355 529489
1356 493677
1359 522042
1361 505840
1363 499068
1365 498425
1366 490527
1368 512613
1370 505225
1372 521820
1375 538261
1376 511464
1379 519463
1381 509085
1383 509802
1245 483977
1386 482558
1389 477620
1391 471099
1393 514718
1395 501756
1397 565028
1398 513018
1400 480561
1403 523711
1405 489891
1406 551685
1409 483397
1410 524108
1412 470567
1415 492922
1417 541825
1418 548491
1420 520296
1423 548103
1425 545346
1427 498820
1428 466832
1430 440870
1432 499550
1434 529893
1437 548195
1439 493142
1441 492310
1442 535350
1445 547873
1446 554989
1448 475281
1451 495135
1453 536479
1455 489163
1456 516079
1458 515168
1460 572362
1462 512108
1465 473311
1466 548039
1468 597757
1470 531098
1473 524149
1474 484440
1476 506606
1478 493731
1480 516698
1483 467759
1484 475657
1487 516727
1489 525258
1490 549988
1493 477313
1494 547726
1497 513092
1499 546063
1501 520461
1502 452799
1504 565181
1506 514196
1509 514482
1510 480902
1512 558063
1515 533595
1517 552436
1519 530951
1520 517329
1522 477735
1524 489059
1527 498790
1528 521027
1530 472167
1532 482476
1534 467017
1537 548276
1539 458738
1540 494401
1542 444211
1545 472902
1547 544047
1549 524119
1550 555233
1552 516447
1555 500606
1556 467488
1559 512348
1560 519338
1563 544625
521 481426
1566 500687
1569 491681
1570 516336
1572 519664
1574 499903
1576 540706
1578 523535
1580 533598
1583 459682
1584 466663
1586 506316
1588 496803
1590 480177
1592 499621
1594 493626
1596 464151
1598 520792
1601 450221
1603 537243
1604 487570
1606 511737
1609 502563
1610 469714
1613 499616
1614 441438
1616 484799
1618 482887
1621 530647
1622 525291
1624 431688
1627 568547
1629 481928
1630 468362
1632 573198
1635 493942
1637 464143
1638 466243
1640 507562
1643 482157
1644 445968
1647 447136
1648 541275
1650 466099
1653 511264
1655 521528
1656 457207
1658 476648
1661 499076
1663 543340
1664 464992
1667 455436
1668 480430
1670 495493
1672 471115
1674 497433
1676 462790
1678 587795
1680 531124
1682 494321
1685 518529
1687 575821
1689 512888
1690 523536
1692 526884
1695 543977
1696 539073
1698 468446
1700 479246
1702 533721
1705 503088
1707 473903
1709 431616
1711 455896
1712 507647
365 564429
1716 540200
1718 448822
1720 516891
1723 562172
1724 500432
1727 532334
1729 489948
1731 482652
1733 480457
1734 496916
1736 497512
1739 485935
1740 473117
1742 545684
1745 523699
1747 529105
1749 507359
1751 519721
1752 517114
1754 537990
1756 494599
1758 458258
1760 521546
1763 563418
1765 486856
1767 497171
1769 494772
1770 563630
1773 571665
1774 480716
1776 516426
1778 487494
1780 465149
1783 520051
1784 447098
1787 530266
1788 500467
1791 465949
1793 530523
1795 498857
1796 451116
1799 505873
1801 548017
1803 496016
1804 493801
1807 563661
1809 470280
1810 507806
1813 545666
1815 542890
1817 474213
1465 473311
1821 532534
1822 514018
1824 562861
1826 453560
1828 457682
1831 462951
1833 491834
1835 497855
1837 477387
1838 539746
1840 508318
1843 504519
1844 533813
1847 477846
1848 502207
1850 497199
1440 485623
1854 521992
1857 555436
1859 517568
1860 450585
1862 471166
1864 450400
1866 569437
1869 500647
1870 504095
1872 482765
1874 509794
1877 491761
1878 519536
1880 559765
1882 462981
1885 542004
1886 532167
1889 541813
1891 533330
1892 467584
1894 496073
1896 517428
1898 533746
1901 539157
1902 461354
1904 544915
1907 492086
1908 483353
1911 524567
1913 514732
1915 463913
1916 486031
1918 489274
1921 513083
1923 497339
1924 467959
1927 533011
1928 468885
1931 497386
1933 488675
1559 512348
1937 509153
1938 442222
1941 556413
1942 493092
1945 542903
1946 525164
1949 564348
1950 537712
1953 495565
1954 540497
595 548785
1959 470679
1961 478336
1962 547819
1964 534009
1967 516461
1969 453675
1970 535307
1972 494154
1974 525748
1976 542658
1978 472700
1981 495153
1983 548630
1985 479843
1986 517718
1988 577129
1991 430889
1993 473126
1995 534986
1997 525686
1998 477719
