0 498328
1 503667
2 431791
3 460200
4 502693
5 481926
6 520647
7 540684
8 554674
9 512238
10 492006
11 487243
12 515635
13 448186
14 509203
15 482223
16 458373
17 504769
18 586810
19 581121
20 484886
21 494756
22 534144
23 488418
24 478923
25 437715
26 489057
27 476075
28 519030
29 552933
30 532393
31 527452
32 530434
33 470992
34 526768
35 506327
36 571621
37 485920
38 477203
39 503851
40 466030
41 510400
42 558096
43 485147
44 507101
45 547981
46 546142
47 505099
48 506458
49 466525
50 469275
51 463324
52 501107
53 532674
54 514223
55 495841
56 477772
57 508232
58 517795
59 551255
60 501008
61 539290
62 471290
63 539454
64 497836
65 448298
66 473351
67 535305
68 511005
69 473972
70 472130
71 490565
72 464276
73 492607
74 517228
75 527093
76 536287
77 509419
78 444956
79 471611
80 446783
81 520517
82 533716
83 552417
84 490451
85 489777
86 543021
87 542554
88 444990
89 514498
90 476687
91 490959
92 508622
93 477380
94 481046
95 518878
96 526261
97 543798
98 533540
99 499341
100 499413
101 462526
102 522419
103 539298
104 477949
105 523515
106 462835
107 444415
108 483461
109 490729
110 537022
111 453525
112 501317
113 491978
114 527334
115 533722
116 504045
117 538526
118 494977
119 480153
120 488123
121 528249
122 506586
123 544072
124 482893
125 523487
126 477485
127 503531
128 467209
129 542283
130 510584
131 512743
132 508318
133 505077
134 522142
135 468230
136 508644
137 473351
138 489147
139 484638
140 485256
141 491024
142 546779
143 515090
144 486472
145 502666
146 560936
147 537230
148 512195
149 511572
150 484312
151 475847
152 492014
153 486151
154 561196
155 464180
156 569900
157 476918
158 484613
159 527976
160 508452
161 501745
162 554415
163 548448
164 449951
165 489503
166 539106
167 535817
168 505436
169 542593
170 480984
171 506790
172 505590
173 549725
174 547595
175 476236
176 516459
177 565895
178 492941
179 468998
180 578567
181 418965
182 479438
183 530473
184 497068
185 482592
186 461307
187 495631
188 473203
189 512035
190 537947
191 530864
192 517703
193 561300
194 508545
195 476534
196 503235
197 435847
198 480932
199 550273
200 492900
201 511191
202 524855
203 522269
204 526521
205 529926
206 543290
207 471309
208 553663
209 497508
210 484767
211 591402
212 578573
213 491300
214 544400
215 491008
216 505163
217 548506
218 515374
219 471851
220 479421
221 468573
222 502192
223 530491
224 461539
225 485223
226 489695
227 555514
228 488410
229 521851
230 538857
231 501959
232 456756
233 538723
234 544035
235 481275
236 509691
237 527292
238 481016
239 542096
240 496500
241 531301
242 519990
243 537916
244 569457
245 509151
246 505331
247 481132
248 535795
249 532675
250 547679
251 527661
252 448939
253 495627
254 563822
255 526896
256 525863
257 509580
258 497993
259 526958
260 494067
261 484974
262 497664
263 518181
264 531895
265 519549
266 565160
267 492378
268 574120
269 453905
270 517679
271 497791
272 480834
273 507882
274 503094
275 520119
276 503126
277 519961
278 495336
279 516896
280 515671
281 490381
282 488930
283 530154
284 494018
285 524831
286 523100
287 505359
288 476968
289 450587
290 505817
291 487486
292 526320
293 519160
294 509988
295 523835
296 509590
297 497339
298 534629
299 526981
300 511517
301 489485
302 488672
303 522616
304 494705
305 496759
306 556189
307 481150
308 520475
309 492505
310 477637
311 521285
312 480872
313 497636
314 437778
315 478005
316 530915
317 481634
318 492975
319 513767
320 521678
321 512952
322 533652
323 470489
324 498642
325 538091
326 490862
327 518681
328 551988
329 521991
330 535996
331 506251
332 503741
333 549137
334 493794
335 477610
336 506863
337 548909
338 488775
339 522334
340 515889
341 526136
342 518586
343 470549
344 507792
345 479727
346 502312
347 443316
348 515281
349 564411
350 530076
351 519933
352 535358
353 523823
354 456624
355 548604
356 510411
357 523808
358 492954
359 506179
360 498477
361 465965
362 470377
363 475447
364 518059
365 455773
366 477190
367 453905
368 507779
369 489797
370 471517
371 529255
372 533228
373 524237
374 505016
375 522744
376 508209
377 505195
378 494114
379 575733
380 537256
381 409206
382 488003
383 477613
384 510345
385 547103
386 543958
387 465812
388 471684
389 495502
390 517971
391 475457
392 482815
393 520525
394 467622
395 529073
396 488683
397 565258
398 553635
399 491127
400 466119
401 530969
402 507568
403 500119
404 513117
405 521831
406 479811
407 480963
408 560170
409 518182
410 526766
411 463303
412 448887
413 457926
414 521333
415 525619
416 508155
417 468534
418 567089
419 483365
420 508048
421 558900
422 556723
423 471267
424 512964
425 547353
426 473618
427 481643
428 470926
429 581353
430 500113
431 493509
432 495139
433 465319
434 462537
435 554696
436 490957
437 521653
438 518717
439 479600
440 513516
441 536934
442 503403
443 510976
444 534473
445 509233
446 503495
447 446768
448 531278
449 492791
450 570699
451 503785
452 463764
453 500322
454 444484
455 495311
456 541422
457 562728
458 515981
459 474188
460 489536
461 509928
462 483643
463 519453
464 490825
465 490430
466 451525
467 521657
468 463358
469 475883
470 497766
471 562213
472 436394
473 542236
474 472937
475 426498
476 487332
477 527976
478 558647
479 501791
480 471979
481 541057
482 504617
483 556657
484 502876
485 577036
486 471133
487 502303
488 501501
489 527311
490 498357
491 532260
492 499366
493 489211
494 553782
495 474018
496 523401
497 515046
498 505396
499 552109
500 485738
501 483432
502 542962
503 534779
504 490499
505 476084
506 478432
507 553199
508 491449
509 453000
510 508189
511 519877
512 518124
513 553246
514 452853
515 529365
516 492840
517 474892
518 519666
519 519295
520 481062
521 505411
522 547430
523 547010
524 506156
525 491292
526 546583
527 482457
528 465177
529 527968
530 474570
531 527331
532 531019
533 477292
534 513208
535 512426
536 499345
537 501078
538 519253
539 536064
540 551770
541 546878
542 551450
543 498512
544 580931
545 492167
546 483476
547 527540
548 475855
549 467803
550 578680
551 499131
552 465318
553 502697
554 465948
555 518861
556 505038
557 565381
558 489783
559 574278
560 548128
561 545724
562 490964
563 534105
564 498399
565 511070
566 495911
567 554543
568 492224
569 553056
570 475037
571 492434
572 484453
573 538546
574 499795
575 489862
576 535956
577 447746
578 506910
579 528345
580 491180
581 506896
582 484729
583 513060
584 567570
585 513468
586 473028
587 491066
588 484206
589 530027
590 468141
591 510786
592 551083
593 530867
594 507679
595 550842
596 432782
597 524563
598 512302
599 553706
600 444069
601 543054
602 469664
603 531159
604 510726
605 554508
606 481941
607 404193
608 591306
609 535010
610 500253
611 438760
612 497641
613 532065
614 470364
615 509012
616 530157
617 538666
618 534295
619 526166
620 495229
621 530692
622 562001
623 475188
624 486116
625 497711
626 487016
627 431223
628 527719
629 489801
630 513096
631 486642
632 483084
633 528921
634 486614
635 474223
636 522228
637 454853
638 547896
639 532279
640 476264
641 535065
642 482727
643 526795
644 545948
645 486552
646 510303
647 481597
648 501630
649 521017
650 551940
651 460585
652 468656
653 520734
654 518995
655 481099
656 439491
657 490346
658 496734
659 515742
660 513874
661 527070
662 499921
663 538512
664 526496
665 506449
666 570442
667 483401
668 541353
669 531599
670 502586
671 507655
672 538926
673 563828
674 513900
675 493148
676 535606
677 478455
678 468425
679 529590
680 509834
681 474613
682 558281
683 488499
684 549466
685 462985
686 456589
687 483178
688 518305
689 556443
690 516437
691 486760
692 484312
693 470219
694 469038
695 498804
696 503370
697 491018
698 581522
699 464291
700 515327
701 498336
702 492322
703 501334
704 566619
705 506004
706 506763
707 524649
708 530261
709 472327
710 520343
711 448561
712 458527
713 493252
714 507552
715 462469
716 511924
717 543737
718 480660
719 532333
720 542172
721 522614
722 521714
723 522576
724 528906
725 575744
726 529168
727 508298
728 476744
729 478097
730 526692
731 544706
732 481491
733 492668
734 517819
735 507332
736 547910
737 500815
738 491060
739 513578
740 538424
741 484588
742 539371
743 488345
744 564997
745 503559
746 486973
747 544967
748 543932
749 539260
750 529767
751 526074
752 549483
753 426857
754 514154
755 515144
756 511402
757 529028
758 529666
759 515768
760 528230
761 473598
762 536300
763 498017
764 484623
765 523065
766 513364
767 486475
768 491517
769 546741
770 512482
771 539533
772 502977
773 495352
774 570941
775 474700
776 504294
777 562758
778 606162
779 490686
780 543036
781 497053
782 524357
783 554476
784 514926
785 529317
786 493807
787 504858
788 532359
789 530262
790 494764
791 555545
792 505058
793 520255
794 481629
795 514543
796 488927
797 451766
798 422837
799 515626
800 445963
801 578670
802 481822
803 501028
804 542114
805 492747
806 510011
807 503447
808 540061
809 460343
810 460960
811 459287
812 432954
813 486512
814 563136
815 533490
816 538754
817 476412
818 450560
819 466796
820 473493
821 560277
822 555540
823 508706
824 499794
825 507680
826 506892
827 507383
828 532094
829 458971
830 472458
831 544340
832 492022
833 553976
834 470345
835 508374
836 523874
837 476793
838 533904
839 543706
840 484477
841 495522
842 494390
843 502170
844 485148
845 497938
846 482816
847 553498
848 554196
849 457244
850 551023
851 558037
852 534520
853 576641
854 466341
855 558564
856 469323
857 580217
858 478936
859 601386
860 507116
861 488955
862 496897
863 524568
864 446675
865 516743
866 551493
867 482426
868 463700
869 456164
870 542316
871 528620
872 479662
873 533582
874 511746
875 500499
876 515071
877 546971
878 529661
879 481811
880 464385
881 527134
882 521240
883 516533
884 513262
885 490253
886 549863
887 559462
888 504412
889 524691
890 489597
891 524487
892 478430
893 492438
894 505693
895 492272
896 517737
897 496222
898 478118
899 464503
900 506103
901 505855
902 493050
903 510140
904 489265
905 524834
906 503367
907 521212
908 468096
909 472673
910 539545
911 564557
912 493133
913 474351
914 518551
915 488132
916 497407
917 479012
918 497917
919 509907
920 421135
921 513780
922 526848
923 480118
924 520552
925 489510
926 524328
927 489865
928 462793
929 511485
930 544559
931 527169
932 473524
933 479522
934 547542
935 545905
936 542401
937 577384
938 473882
939 529730
940 542814
941 508132
942 520257
943 522989
944 507974
945 510433
946 512279
947 454412
948 444515
949 485253
950 560848
951 550767
952 497373
953 461630
954 510447
955 506092
956 503168
957 496332
958 496552
959 496989
960 507267
961 529777
962 512225
963 431345
964 490660
965 558601
966 436819
967 517100
968 534540
969 542676
970 477982
971 530063
972 531879
973 500679
974 537286
975 509256
976 524856
977 514718
978 503707
979 503394
980 494827
981 571846
982 558457
983 571760
984 497103
985 455869
986 512509
987 515426
988 400352
989 459091
990 482843
991 503211
992 512924
993 523145
994 511990
995 487076
996 528109
997 476870
998 464171
999 483831
