0 506397
1 564537
2 485044
3 463206
4 535101
5 538981
6 548854
7 530818
8 535552
9 477525
10 551030
11 504950
12 510032
13 498696
14 506653
15 511331
16 505408
17 516419
18 536504
19 485880
20 488118
21 525203
22 476374
23 568528
24 485891
25 491753
26 527987
27 479092
28 520078
29 520738
30 474011
31 492026
32 474473
33 523836
34 474904
35 499263
36 512218
37 504469
38 496784
39 588403
40 474324
41 557455
42 503488
43 461987
44 520905
45 481844
46 503580
47 495784
48 544991
49 465693
50 458020
51 561404
52 547687
53 495353
54 556362
55 534606
56 515588
57 500847
58 517275
59 464068
60 505704
61 485803
62 477828
63 488378
64 553582
65 446882
66 527965
67 539658
68 481292
69 483911
70 521936
71 556458
72 559918
73 550817
74 419709
75 563657
76 493838
77 492330
78 517974
79 576912
80 513185
81 484772
82 516360
83 488359
84 479032
85 513803
86 553234
87 472011
88 566127
89 507390
90 493617
91 540334
92 530595
93 477509
94 536141
95 508805
96 474567
97 514466
98 464928
99 506682
100 521995
101 512541
102 470680
103 510163
104 474964
105 492135
106 510089
107 503405
108 512312
109 503543
110 504326
111 494320
112 521924
113 433353
114 516029
115 516066
116 488607
117 482138
118 495350
119 498159
120 524371
121 464705
122 444848
123 528045
124 514322
125 517110
126 480114
127 530092
128 529642
129 534699
130 523454
131 443101
132 493952
133 519234
134 539092
135 536074
136 508175
137 540620
138 533491
139 494507
140 484510
141 501991
142 489726
143 508721
144 475759
145 471526
146 513024
147 470284
148 522920
149 537392
150 541612
151 467420
152 518217
153 493406
154 503598
155 478488
156 518763
157 529175
158 505455
159 528419
160 531049
161 508757
162 488790
163 487013
164 523184
165 507985
166 529174
167 481641
168 510021
169 482075
170 504564
171 497122
172 503632
173 551340
174 515468
175 543836
176 565412
177 460890
178 542192
179 553411
180 509433
181 515565
182 564429
183 579526
184 487237
185 518864
186 596894
187 537321
188 500144
189 541615
190 475167
191 521779
192 439099
193 497642
194 507608
195 477177
196 522787
197 547963
198 497763
199 475544
200 507630
201 465813
202 513191
203 526424
204 544214
205 533063
206 496774
207 575186
208 447341
209 544162
210 483828
211 460332
212 536323
213 449381
214 473206
215 525559
216 484288
217 588802
218 547502
219 476779
220 529981
221 514238
222 531050
223 518076
224 497108
225 471869
226 546415
227 521114
228 505066
229 524503
230 475259
231 489140
232 514613
233 512502
234 509492
235 510709
236 501244
237 476658
238 527538
239 440230
240 522768
241 501302
242 547332
243 529627
244 514551
245 503171
246 477675
247 471658
248 512793
249 538128
250 433819
251 536410
252 571046
253 524228
254 491143
255 493338
256 501524
257 476908
258 494723
259 459843
260 481426
261 525917
262 458977
263 531288
264 456728
265 478744
266 450498
267 446835
268 472685
269 537560
270 540385
271 550722
272 526287
273 564136
274 482679
275 542295
276 536551
277 458889
278 504216
279 582548
280 527577
281 519037
282 491323
283 477794
284 524251
285 537328
286 448238
287 534921
288 502477
289 491888
290 539892
291 458524
292 476907
293 523869
294 527047
295 486648
296 484543
297 540220
298 497225
299 582226
300 483816
301 541658
302 540543
303 493741
304 542015
305 513071
306 560534
307 487468
308 577989
309 512677
310 545835
311 504087
312 485044
313 542804
314 510933
315 470566
316 470274
317 564118
318 533420
319 506683
320 518786
321 560798
322 504075
323 505802
324 532945
325 530008
326 491979
327 531579
328 494196
329 518331
330 523934
331 494983
332 542346
333 454434
334 507244
335 488616
336 550438
337 493090
338 453939
339 507644
340 506761
341 577127
342 490257
343 474299
344 541010
345 455092
346 496456
347 519452
348 531853
349 514511
350 481417
351 484869
352 515387
353 528776
354 537540
355 507937
356 525934
357 517308
358 468129
359 496045
360 469484
361 487525
362 513667
363 509801
364 552300
365 463890
366 420668
367 519499
368 482384
369 473417
370 497228
371 480344
372 512458
373 548655
374 480909
375 523152
376 563156
377 530211
378 538034
379 575999
380 517907
381 534044
382 516912
383 491107
384 510406
385 482036
386 563359
387 522141
388 490171
389 542100
390 504571
391 500871
392 502888
393 482670
394 495828
395 512329
396 537391
397 524385
398 514048
399 524533
400 429807
401 510201
402 519148
403 515614
404 484769
405 499440
406 500223
407 571942
408 475757
409 512656
410 497452
411 490030
412 508767
413 523991
414 448752
415 484167
416 557516
417 499104
418 508389
419 492029
420 490961
421 542460
422 485910
423 486531
424 539031
425 501477
426 498531
427 539983
428 502113
429 548213
430 481067
431 520722
432 498394
433 533068
434 516560
435 494777
436 520239
437 541114
438 547424
439 486406
440 528226
441 447141
442 512110
443 543170
444 463078
445 547085
446 532718
447 484808
448 501870
449 425827
450 581191
451 497868
452 506165
453 471725
454 481092
455 450472
456 421301
457 490265
458 544461
459 509930
460 524908
461 496740
462 571479
463 553750
464 481518
465 474338
466 500107
467 540639
468 492790
469 510014
470 562744
471 486029
472 519210
473 444510
474 521598
475 535428
476 528244
477 473125
478 531585
479 503910
480 510734
481 521630
482 468076
483 539021
484 465739
485 430320
486 539595
487 461185
488 481668
489 463454
490 555182
491 576114
492 515046
493 505011
494 500151
495 521418
496 468081
497 557966
498 502378
499 497832
500 513591
501 515129
502 489910
503 552460
504 537284
505 459010
506 494135
507 498717
508 558095
509 568654
510 516529
511 508166
512 538974
513 475100
514 516877
515 520555
516 544359
517 465975
518 498271
519 475717
520 520960
521 517559
522 524805
523 533378
524 516471
525 490214
526 531210
527 528914
528 488316
529 537542
530 433025
531 467524
532 530013
533 448924
534 496833
535 495190
536 473198
537 518505
538 471560
539 539529
540 477736
541 492313
542 533597
543 521485
544 495309
545 526542
546 466118
547 472489
548 503254
549 533074
550 489943
551 517218
552 440848
553 505943
554 468715
555 503496
556 490318
557 499253
558 458845
559 512697
560 516285
561 476023
562 506543
563 519791
564 504640
565 498284
566 483201
567 476343
568 480855
569 485878
570 482236
571 547982
572 457119
573 498690
574 471176
575 473034
576 540710
577 532105
578 488750
579 556927
580 565055
581 419650
582 468156
583 523603
584 539574
585 480078
586 453848
587 520625
588 497650
589 471265
590 523874
591 513021
592 483475
593 509485
594 517060
595 524237
596 431984
597 519213
598 471165
599 532310
600 553287
601 494566
602 483493
603 488731
604 502350
605 503644
606 535565
607 508906
608 508701
609 521771
610 485622
611 468811
612 552623
613 530259
614 470840
615 503968
616 528574
617 489120
618 530691
619 491015
620 542499
621 566232
622 483977
623 527785
624 564662
625 527886
626 483281
627 502781
628 517018
629 489360
630 529474
631 462433
632 511196
633 538367
634 519474
635 488495
636 524649
637 502489
638 551334
639 529026
640 518212
641 495862
642 568727
643 511531
644 509240
645 551353
646 522924
647 459709
648 513670
649 523774
650 464324
651 463858
652 443305
653 455181
654 546742
655 505467
656 506379
657 567229
658 481873
659 545975
660 488483
661 540923
662 475621
663 549292
664 515481
665 494694
666 494673
667 518885
668 527512
669 493899
670 552458
671 485617
672 525831
673 482787
674 484943
675 516568
676 494850
677 529489
678 493677
679 522042
680 505840
681 499068
682 498425
683 490527
684 512613
685 505225
686 521820
687 538261
688 511464
689 519463
690 509085
691 509802
692 483977
693 482558
694 477620
695 471099
696 514718
697 501756
698 565028
699 513018
700 480561
701 523711
702 489891
703 551685
704 483397
705 524108
706 470567
707 492922
708 541825
709 548491
710 520296
711 548103
712 545346
713 498820
714 466832
715 440870
716 499550
717 529893
718 548195
719 493142
720 492310
721 535350
722 547873
723 554989
724 475281
725 495135
726 536479
727 489163
728 516079
729 515168
730 572362
731 512108
732 473311
733 548039
734 597757
735 531098
736 524149
737 484440
738 506606
739 493731
740 516698
741 467759
742 475657
743 516727
744 525258
745 549988
746 477313
747 547726
748 513092
749 546063
750 520461
751 452799
752 565181
753 514196
754 514482
755 480902
756 558063
757 533595
758 552436
759 530951
760 517329
761 477735
762 489059
763 498790
764 521027
765 472167
766 482476
767 467017
768 548276
769 458738
770 494401
771 444211
772 472902
773 544047
774 524119
775 555233
776 516447
777 500606
778 467488
779 512348
780 519338
781 544625
782 481426
783 500687
784 491681
785 516336
786 519664
787 499903
788 540706
789 523535
790 533598
791 459682
792 466663
793 506316
794 496803
795 480177
796 499621
797 493626
798 464151
799 520792
800 450221
801 537243
802 487570
803 511737
804 502563
805 469714
806 499616
807 441438
808 484799
809 482887
810 530647
811 525291
812 431688
813 568547
814 481928
815 468362
816 573198
817 493942
818 464143
819 466243
820 507562
821 482157
822 445968
823 447136
824 541275
825 466099
826 511264
827 521528
828 457207
829 476648
830 499076
831 543340
832 464992
833 455436
834 480430
835 495493
836 471115
837 497433
838 462790
839 587795
840 531124
841 494321
842 518529
843 575821
844 512888
845 523536
846 526884
847 543977
848 539073
849 468446
850 479246
851 533721
852 503088
853 473903
854 431616
855 455896
856 507647
857 564429
858 540200
859 448822
860 516891
861 562172
862 500432
863 532334
864 489948
865 482652
866 480457
867 496916
868 497512
869 485935
870 473117
871 545684
872 523699
873 529105
874 507359
875 519721
876 517114
877 537990
878 494599
879 458258
880 521546
881 563418
882 486856
883 497171
884 494772
885 563630
886 571665
887 480716
888 516426
889 487494
890 465149
891 520051
892 447098
893 530266
894 500467
895 465949
896 530523
897 498857
898 451116
899 505873
900 548017
901 496016
902 493801
903 563661
904 470280
905 507806
906 545666
907 542890
908 474213
909 473311
910 532534
911 514018
912 562861
913 453560
914 457682
915 462951
916 491834
917 497855
918 477387
919 539746
920 508318
921 504519
922 533813
923 477846
924 502207
925 497199
926 485623
927 521992
928 555436
929 517568
930 450585
931 471166
932 450400
933 569437
934 500647
935 504095
936 482765
937 509794
938 491761
939 519536
940 559765
941 462981
942 542004
943 532167
944 541813
945 533330
946 467584
947 496073
948 517428
949 533746
950 539157
951 461354
952 544915
953 492086
954 483353
955 524567
956 514732
957 463913
958 486031
959 489274
960 513083
961 497339
962 467959
963 533011
964 468885
965 497386
966 488675
967 512348
968 509153
969 442222
970 556413
971 493092
972 542903
973 525164
974 564348
975 537712
976 495565
977 540497
978 548785
979 470679
980 478336
981 547819
982 534009
983 516461
984 453675
985 535307
986 494154
987 525748
988 542658
989 472700
990 495153
991 548630
992 479843
993 517718
994 577129
995 430889
996 473126
997 534986
998 525686
999 477719
