0 529505
1 530567
2 531032
3 532747
4 534222
5 535636
6 492565
7 489618
8 489515
9 489002
10 486613
11 479487
12 474696
13 474529
14 473518
15 472755
16 470951
17 467919
18 545282
19 545367
20 546397
21 547125
22 547256
23 547732
24 496625
25 495956
26 489942
27 488093
28 485340
29 484262
30 518723
31 519503
32 523807
33 525561
34 525718
35 531735
36 536969
37 537606
38 537729
39 537873
40 539463
41 541507
42 449846
43 451367
44 451804
45 452352
46 454461
47 457947
48 476564
49 481793
50 482289
51 483649
52 485321
53 487538
54 486822
55 487240
56 489284
57 491048
58 491140
59 491456
60 473286
61 476524
62 476890
63 476935
64 477394
65 477653
66 516769
67 517010
68 517866
69 518150
70 519546
71 519765
72 520105
73 521887
74 523627
75 523818
76 527366
77 535964
78 519983
79 520918
80 521918
81 522455
82 526632
83 530695
84 563354
85 568223
86 569322
87 569741
88 572628
89 574044
90 482488
91 483114
92 486226
93 488320
94 489206
95 494214
96 508445
97 514187
98 515734
99 516007
100 516611
101 518142
102 457234
103 459182
104 459539
105 460548
106 464466
107 465234
108 473861
109 476397
110 480347
111 481207
112 481338
113 486696
114 558595
115 559781
116 560360
117 563072
118 565574
119 572341
120 477645
121 479435
122 479604
123 480552
124 480843
125 482640
126 440919
127 442588
128 446829
129 447995
130 449225
131 454578
132 482214
133 483900
134 485027
135 485540
136 488177
137 492695
138 500261
139 503534
140 503866
141 505405
142 508948
143 510570
144 517144
145 519363
146 522352
147 522426
148 523348
149 523837
150 469473
151 469501
152 474041
153 474260
154 474490
155 482196
156 473362
157 477068
158 480094
159 481545
160 482912
161 489206
162 486852
163 490709
164 491417
165 491828
166 493277
167 494906
168 472066
169 473795
170 475332
171 476050
172 477784
173 478575
174 485951
175 492318
176 493235
177 494397
178 495094
179 499523
180 484492
181 487337
182 490513
183 491633
184 496275
185 498807
186 541160
187 544545
188 547178
189 548599
190 555148
191 555309
192 517909
193 521417
194 524810
195 524827
196 525544
197 530563
198 561239
199 562625
200 564554
201 565120
202 565665
203 570107
204 504633
205 510835
206 511006
207 511117
208 517919
209 519027
210 520455
211 522253
212 525001
213 525357
214 525749
215 530463
216 508287
217 508748
218 509784
219 510599
220 515415
221 515726
222 519491
223 523128
224 524692
225 525166
226 525166
227 526939
228 504905
229 505219
230 508960
231 509718
232 511111
233 511664
234 516566
235 521813
236 523200
237 526186
238 527078
239 527407
240 509369
241 514438
242 515824
243 515941
244 516563
245 519046
246 486795
247 487362
248 488968
249 489888
250 491321
251 496158
252 436126
253 436579
254 436700
255 436736
256 437124
257 440947
258 472344
259 472957
260 473929
261 476210
262 476408
263 483716
264 483757
265 483850
266 485068
267 486707
268 488955
269 491550
270 513215
271 514484
272 518866
273 519328
274 523373
275 524454
276 479371
277 479411
278 481361
279 482707
280 488699
281 489041
282 503137
283 503364
284 503544
285 504898
286 506360
287 511734
288 542471
289 547182
290 548172
291 553422
292 553853
293 555340
294 493867
295 495084
296 495853
297 498133
298 498434
299 500273
300 504168
301 504614
302 505190
303 507547
304 507558
305 509808
306 491436
307 494769
308 494974
309 496887
310 498131
311 498346
312 514394
313 516422
314 521288
315 524382
316 525417
317 528757
318 488893
319 490773
320 490832
321 491618
322 492911
323 496590
324 511838
325 516430
326 516501
327 517007
328 517309
329 520476
330 535831
331 536806
332 538930
333 538943
334 540514
335 544542
336 510391
337 511816
338 514364
339 518074
340 521004
341 523599
342 522847
343 522943
344 525402
345 525466
346 527976
347 529459
348 525649
349 525832
350 528839
351 529066
352 532159
353 534355
354 581056
355 581172
356 582599
357 583275
358 586538
359 588360
360 497995
361 499376
362 500139
363 500253
364 501864
365 501923
366 488476
367 492377
368 492616
369 494560
370 498240
371 500580
372 474817
373 476982
374 477130
375 481243
376 481315
377 483097
378 464137
379 464361
380 465763
381 468473
382 469260
383 473529
384 456908
385 460260
386 460792
387 462283
388 465219
389 466569
390 427951
391 429357
392 434839
393 435330
394 440040
395 441364
396 514414
397 516198
398 518413
399 519743
400 524945
401 525781
402 525630
403 531585
404 533579
405 533583
406 534596
407 539122
408 527786
409 530193
410 532476
411 533154
412 533207
413 533987
414 479907
415 480726
416 482418
417 483089
418 489189
419 489458
420 493246
421 497516
422 499091
423 500553
424 504723
425 506049
426 485571
427 487929
428 488324
429 491965
430 493828
431 495159
432 472597
433 475421
434 476339
435 480018
436 482783
437 484909
438 564641
439 565313
440 568354
441 569774
442 574488
443 575570
444 544503
445 545949
446 546724
447 551590
448 554538
449 559940
450 518132
451 520034
452 523493
453 523938
454 524506
455 528728
456 531293
457 532236
458 534713
459 535494
460 536650
461 540884
462 509094
463 511294
464 513869
465 515342
466 516715
467 517605
468 437231
469 442146
470 444114
471 446554
472 454183
473 454626
474 480951
475 488405
476 489435
477 491122
478 491297
479 491966
480 467815
481 468606
482 469374
483 471705
484 473167
485 474076
486 501268
487 503654
488 505598
489 506362
490 511013
491 512752
492 441003
493 442382
494 447289
495 450486
496 453409
497 455914
498 452470
499 452486
500 453734
501 453837
502 456988
503 456994
504 481189
505 484806
506 486318
507 491958
508 492392
509 492571
510 484448
511 488446
512 489868
513 490900
514 497087
515 498678
516 497389
517 497684
518 500667
519 500917
520 500965
521 502347
522 490143
523 491641
524 494045
525 494267
526 494657
527 495596
528 511422
529 512276
530 514983
531 515903
532 523631
533 524958
534 548160
535 548845
536 553300
537 553313
538 553938
539 554522
540 486003
541 486643
542 486840
543 489789
544 491122
545 493421
546 491699
547 495645
548 495887
549 497294
550 500147
551 504620
552 530596
553 531036
554 534745
555 537338
556 537741
557 541783
558 463108
559 468356
560 468657
561 468958
562 472397
563 473918
564 538159
565 538299
566 538521
567 541166
568 541723
569 544395
570 481078
571 481954
572 483385
573 484127
574 484922
575 488159
576 512855
577 519184
578 520028
579 520453
580 522003
581 522470
582 461283
583 462593
584 464235
585 465459
586 468911
587 470521
588 475221
589 477101
590 478158
591 481471
592 482439
593 486819
594 412967
595 413518
596 415848
597 416984
598 417392
599 425133
600 492708
601 494272
602 494802
603 494946
604 495972
605 498114
606 502162
607 507967
608 508404
609 509096
610 511425
611 516513
612 517317
613 517940
614 518052
615 518948
616 520615
617 521916
618 566331
619 575013
620 578667
621 579553
622 582755
623 584764
624 481280
625 481740
626 483010
627 485422
628 486430
629 492613
630 543495
631 544945
632 546140
633 546375
634 549502
635 552583
636 502800
637 505107
638 506442
639 507132
640 508079
641 511236
642 454246
643 454683
644 455451
645 456085
646 456647
647 461593
648 480186
649 480418
650 485788
651 487067
652 487233
653 492228
654 540182
655 542660
656 543876
657 544014
658 545637
659 551050
660 535664
661 537172
662 539489
663 541627
664 542457
665 545110
666 472543
667 472985
668 473171
669 474282
670 474919
671 477691
672 518873
673 519458
674 520361
675 520962
676 522299
677 523104
678 483067
679 486124
680 486325
681 490065
682 492555
683 493595
684 507457
685 512353
686 512507
687 513903
688 515111
689 520435
690 540076
691 542686
692 544475
693 545198
694 545825
695 547026
696 488549
697 488977
698 488994
699 490053
700 492805
701 492988
702 499105
703 501759
704 502123
705 502198
706 504932
707 506427
708 481962
709 484357
710 485838
711 487334
712 487473
713 488808
714 543515
715 547451
716 550461
717 552116
718 552782
719 559319
720 509538
721 510631
722 514657
723 515181
724 521137
725 522930
726 503145
727 508096
728 508598
729 508756
730 510394
731 512104
732 483239
733 484938
734 487429
735 489735
736 490293
737 497028
738 546520
739 546817
740 548771
741 550266
742 555611
743 559913
744 582712
745 582862
746 586255
747 587270
748 590171
749 596639
750 428368
751 435832
752 435944
753 438436
754 438459
755 442586
756 537574
757 543127
758 543562
759 543660
760 543739
761 543989
762 504510
763 507569
764 510061
765 510836
766 511909
767 517218
768 495000
769 495169
770 495968
771 499110
772 501893
773 502566
774 524227
775 526446
776 527373
777 528598
778 530405
779 534198
780 512568
781 516566
782 517492
783 521008
784 522545
785 523689
786 488931
787 493049
788 497576
789 498414
790 500777
791 506748
792 485603
793 486875
794 487753
795 487848
796 488368
797 490571
798 497214
799 499403
800 500496
801 501593
802 503137
803 503758
804 504369
805 507534
806 511292
807 512052
808 513862
809 515186
810 507285
811 508872
812 512596
813 512775
814 513354
815 515026
816 510904
817 513548
818 513562
819 513880
820 513908
821 516080
822 535564
823 535727
824 536312
825 537916
826 538317
827 541426
828 516058
829 519064
830 522932
831 523036
832 524136
833 527781
834 462893
835 464987
836 466157
837 467155
838 469081
839 469613
840 500036
841 500629
842 503582
843 504740
844 505417
845 508643
846 493133
847 496798
848 497645
849 498650
850 501843
851 501861
852 458796
853 458987
854 459032
855 461488
856 463949
857 465153
858 452980
859 458936
860 459015
861 459609
862 462551
863 467058
864 531324
865 531977
866 535039
867 539915
868 543169
869 543455
870 509955
871 512478
872 512965
873 513244
874 516087
875 519502
876 473626
877 473949
878 476011
879 476378
880 479199
881 479605
882 528307
883 532715
884 533701
885 536968
886 543570
887 545350
888 468194
889 472024
890 472182
891 473261
892 473907
893 474181
894 499357
895 500160
896 500781
897 502415
898 502617
899 502780
900 469281
901 476205
902 479078
903 479114
904 481240
905 482703
906 507936
907 512436
908 513251
909 517062
910 518369
911 522492
912 476163
913 478519
914 480913
915 481274
916 481452
917 486965
918 531098
919 534899
920 537670
921 538167
922 538302
923 539610
924 496320
925 496809
926 501870
927 502135
928 502684
929 503334
930 516265
931 519160
932 519940
933 523036
934 529293
935 530216
936 491402
937 494821
938 497815
939 499884
940 500260
941 501506
942 499536
943 499993
944 503200
945 503424
946 504689
947 508588
948 492978
949 495443
950 495817
951 496867
952 498352
953 502661
954 441007
955 441687
956 441884
957 442124
958 444065
959 446382
960 508627
961 512730
962 513736
963 514059
964 514262
965 521901
966 569566
967 571296
968 573605
969 575290
970 575869
971 578625
972 447119
973 447245
974 448818
975 452590
976 454056
977 454330
978 504225
979 507146
980 509788
981 509953
982 510697
983 511476
984 494203
985 494804
986 495820
987 496112
988 496588
989 497539
990 473702
991 475755
992 478705
993 479409
994 480645
995 481937
996 494481
997 494508
998 494765
999 501294
1000 501925
1001 503057
1002 496739
1003 499872
1004 505532
1005 506659
1006 507098
1007 510834
1008 479721
1009 481878
1010 482647
1011 484276
1012 486963
1013 487724
1014 410700
1015 416507
1016 416604
1017 418298
1018 419669
1019 421944
1020 488429
1021 491755
1022 491993
1023 493059
1024 493560
1025 495718
1026 562158
1027 563199
1028 563225
1029 567296
1030 568162
1031 574378
1032 517504
1033 519014
1034 521511
1035 521981
1036 523584
1037 525826
1038 540096
1039 542403
1040 543319
1041 543685
1042 543921
1043 551753
1044 482243
1045 483218
1046 486463
1047 486820
1048 493127
1049 494436
1050 514456
1051 516628
1052 518689
1053 520133
1054 520456
1055 523739
1056 502953
1057 506847
1058 509173
1059 509270
1060 510018
1061 515467
1062 528482
1063 530807
1064 532275
1065 534938
1066 537370
1067 538132
1068 558262
1069 558677
1070 558888
1071 563270
1072 563560
1073 568979
1074 501589
1075 502002
1076 507000
1077 507692
1078 509871
1079 513542
1080 454325
1081 455471
1082 456765
1083 458715
1084 461258
1085 463824
1086 505803
1087 506727
1088 507543
1089 509137
1090 509387
1091 516968
1092 488360
1093 491504
1094 493800
1095 494774
1096 496375
1097 497855
1098 476770
1099 478417
1100 478849
1101 478878
1102 480055
1103 483141
1104 528794
1105 528980
1106 536695
1107 538989
1108 539743
1109 541733
1110 523536
1111 528422
1112 530312
1113 532271
1114 533164
1115 536412
1116 442350
1117 446180
1118 446299
1119 448556
1120 449068
1121 449475
1122 488321
1123 488848
1124 488954
1125 491507
1126 491905
1127 493631
1128 520952
1129 521128
1130 522356
1131 524202
1132 525486
1133 525720
1134 514376
1135 515853
1136 522182
1137 525591
1138 525640
1139 529360
1140 494171
1141 494864
1142 494933
1143 497483
1144 504029
1145 507038
1146 531401
1147 534549
1148 535262
1149 535514
1150 538387
1151 538829
1152 536689
1153 538310
1154 539907
1155 542944
1156 544627
1157 545831
1158 588375
1159 589792
1160 591098
1161 592031
1162 592033
1163 593171
1164 521419
1165 523457
1166 525509
1167 527181
1168 527807
1169 531365
1170 472807
1171 473391
1172 473520
1173 475777
1174 481368
1175 481443
1176 522311
1177 525439
1178 526711
1179 527480
1180 530194
1181 531114
1182 457397
1183 457615
1184 461362
1185 464230
1186 465185
1187 468309
1188 486137
1189 488147
1190 492919
1191 493185
1192 494743
1193 496813
1194 504445
1195 505543
1196 505910
1197 506430
1198 507085
1199 508030
1200 508832
1201 513346
1202 514864
1203 516948
1204 518933
1205 521129
1206 508188
1207 510997
1208 513175
1209 514899
1210 515241
1211 518286
1212 554214
1213 555401
1214 558163
1215 558844
1216 558938
1217 564360
1218 556028
1219 559910
1220 560203
1221 560929
1222 563874
1223 564647
1224 514953
1225 517878
1226 518901
1227 520867
1228 523120
1229 523150
1230 531714
1231 535759
1232 537230
1233 537555
1234 537900
1235 540844
1236 500568
1237 501342
1238 503284
1239 504619
1240 505703
1241 506363
1242 467813
1243 475980
1244 476002
1245 476710
1246 484331
1247 484378
1248 554211
1249 554503
1250 559917
1251 560327
1252 565175
1253 565569
1254 473035
1255 473291
1256 473823
1257 474478
1258 476546
1259 477125
1260 489969
1261 492351
1262 495823
1263 495838
1264 496564
1265 500509
1266 539622
1267 542182
1268 543131
1269 543151
1270 543950
1271 545301
1272 504779
1273 506683
1274 508145
1275 509915
1276 511161
1277 514065
1278 510269
1279 510444
1280 512679
1281 514048
1282 517188
1283 521548
1284 532931
1285 535142
1286 536302
1287 537600
1288 540280
1289 540397
1290 462504
1291 467000
1292 467488
1293 469789
1294 474489
1295 475333
1296 510340
1297 513753
1298 513950
1299 515904
1300 516138
1301 516500
1302 480324
1303 480560
1304 482339
1305 482591
1306 483929
1307 485348
1308 538212
1309 541838
1310 542084
1311 542227
1312 543124
1313 548007
1314 505823
1315 508691
1316 511080
1317 512793
1318 513786
1319 520915
1320 494029
1321 496644
1322 497179
1323 499246
1324 499714
1325 501777
1326 503778
1327 505351
1328 505579
1329 507977
1330 509887
1331 512235
1332 447694
1333 451532
1334 452719
1335 453375
1336 454568
1337 456441
1338 486279
1339 486852
1340 488815
1341 489539
1342 493624
1343 497374
1344 526348
1345 530174
1346 530272
1347 532737
1348 534559
1349 536213
1350 486687
1351 487654
1352 491249
1353 495556
1354 495969
1355 499654
1356 474254
1357 478901
1358 480504
1359 481406
1360 485570
1361 487419
1362 520518
1363 524371
1364 524868
1365 526441
1366 529108
1367 530081
1368 508908
1369 512731
1370 513916
1371 516845
1372 517608
1373 517625
1374 465339
1375 470726
1376 472070
1377 473218
1378 473697
1379 477750
1380 509095
1381 510349
1382 510416
1383 511591
1384 511962
1385 518301
1386 504626
1387 505112
1388 506555
1389 508456
1390 509471
1391 511334
1392 536343
1393 537234
1394 537319
1395 538551
1396 542121
1397 543869
1398 475170
1399 478374
1400 478388
1401 480821
1402 480840
1403 483962
1404 456380
1405 463465
1406 464587
1407 465597
1408 466875
1409 471891
1410 465278
1411 466619
1412 468671
1413 469941
1414 473681
1415 473853
1416 503095
1417 508714
1418 509881
1419 511049
1420 514346
1421 520840
1422 533005
1423 538491
1424 540383
1425 540772
1426 541776
1427 544865
1428 504181
1429 506012
1430 509034
1431 512169
1432 512701
1433 515183
1434 494889
1435 500652
1436 500835
1437 502416
1438 505101
1439 507169
1440 486736
1441 489317
1442 490572
1443 490920
1444 493560
1445 497960
1446 547364
1447 550205
1448 550216
1449 550880
1450 552062
1451 552103
1452 458424
1453 461220
1454 464130
1455 464929
1456 465654
1457 469907
1458 443243
1459 444352
1460 445770
1461 445840
1462 446267
1463 448568
1464 500271
1465 501641
1466 506524
1467 508882
1468 509357
1469 510026
1470 581102
1471 581631
1472 582116
1473 585305
1474 587014
1475 587748
1476 449414
1477 450035
1478 450206
1479 451777
1480 453548
1481 455138
1482 504144
1483 511125
1484 511812
1485 512202
1486 513047
1487 521044
1488 572309
1489 574829
1490 576024
1491 576445
1492 576969
1493 579078
1494 510157
1495 510767
1496 511662
1497 512155
1498 512807
1499 515859
1500 521962
1501 523806
1502 526368
1503 527343
1504 528144
1505 531461
1506 523449
1507 524929
1508 529072
1509 529409
1510 531077
1511 537850
1512 522783
1513 524325
1514 526301
1515 527252
1516 530803
1517 533209
1518 482185
1519 485338
1520 487453
1521 487700
1522 493982
1523 495784
1524 474593
1525 475847
1526 479941
1527 480128
1528 480858
1529 483348
1530 495855
1531 499445
1532 501537
1533 502698
1534 503733
1535 503977
1536 498751
1537 499127
1538 502826
1539 504508
1540 505318
1541 510069
1542 500847
1543 502424
1544 505906
1545 506406
1546 507065
1547 508398
1548 499536
1549 504948
1550 506015
1551 512028
1552 512326
1553 514667
1554 490488
1555 492804
1556 495345
1557 496580
1558 496794
1559 501932
1560 491549
1561 492658
1562 492821
1563 493528
1564 494566
1565 496897
1566 472474
1567 473554
1568 478280
1569 481067
1570 481747
1571 482165
1572 535898
1573 536035
1574 536690
1575 539547
1576 540064
1577 541292
1578 530769
1579 531231
1580 533334
1581 534495
1582 537841
1583 538306
1584 550365
1585 557835
1586 558638
1587 559476
1588 564633
1589 566186
1590 509615
1591 517662
1592 517810
1593 518316
1594 518464
1595 518536
1596 494303
1597 496707
1598 498817
1599 501026
1600 504498
1601 505898
1602 528329
1603 533612
1604 534394
1605 534839
1606 537902
1607 540792
1608 502094
1609 503408
1610 506092
1611 506575
1612 510633
1613 511658
1614 531519
1615 531561
1616 532810
1617 534227
1618 534427
1619 540719
1620 531634
1621 533462
1622 534137
1623 536386
1624 537674
1625 542721
1626 501879
1627 503155
1628 506147
1629 507503
1630 512225
1631 516571
1632 512966
1633 514691
1634 517899
1635 518543
1636 521056
1637 522319
1638 534396
1639 534660
1640 538477
1641 539754
1642 540550
1643 541051
1644 511900
1645 515920
1646 520036
1647 520280
1648 522033
1649 526834
1650 511212
1651 511715
1652 512642
1653 514290
1654 514838
1655 517454
1656 421608
1657 424832
1658 426589
1659 426823
1660 428817
1661 433204
1662 489516
1663 492599
1664 494183
1665 494252
1666 496467
1667 498456
1668 568425
1669 569313
1670 575776
1671 576116
1672 580693
1673 583923
1674 538942
1675 542268
1676 542873
1677 544998
1678 548991
1679 552293
1680 503396
1681 503512
1682 506054
1683 509674
1684 511652
1685 512694
1686 487237
1687 487237
1688 493205
1689 493491
1690 494968
1691 499502
1692 539003
1693 539147
1694 539623
1695 540003
1696 540135
1697 542619
1698 516290
1699 518936
1700 523011
1701 523425
1702 523475
1703 527969
1704 517293
1705 518089
1706 518837
1707 523839
1708 524375
1709 527283
1710 514231
1711 514448
1712 517255
1713 519762
1714 519825
1715 521715
1716 539102
1717 539505
1718 543923
1719 544129
1720 544878
1721 546519
1722 521489
1723 527180
1724 528329
1725 528420
1726 530404
1727 531752
1728 523646
1729 524019
1730 525147
1731 525542
1732 528125
1733 530615
1734 508040
1735 510020
1736 511152
1737 512035
1738 515328
1739 515780
1740 532049
1741 532629
1742 532765
1743 533260
1744 538007
1745 539438
1746 518058
1747 519653
1748 519812
1749 520148
1750 521063
1751 525809
1752 512396
1753 516361
1754 520287
1755 521182
1756 522355
1757 525121
1758 558840
1759 559944
1760 561136
1761 561713
1762 564181
1763 566539
1764 478757
1765 478991
1766 479272
1767 481595
1768 482499
1769 485861
1770 502760
1771 503611
1772 507196
1773 509436
1774 511642
1775 513402
1776 508901
1777 512197
1778 513057
1779 513900
1780 519577
1781 521742
1782 479630
1783 482845
1784 484545
1785 484776
1786 485165
1787 490506
1788 514659
1789 519733
1790 519910
1791 520522
1792 520828
1793 525895
1794 477399
1795 485891
1796 490262
1797 490289
1798 491210
1799 493514
1800 541943
1801 542645
1802 546295
1803 548693
1804 548962
1805 549947
1806 525384
1807 530196
1808 531616
1809 532950
1810 533838
1811 534095
1812 533152
1813 537592
1814 538101
1815 539166
1816 539430
1817 541545
1818 459899
1819 462003
1820 462135
1821 463881
1822 464838
1823 465422
1824 507364
1825 511750
1826 511965
1827 514775
1828 518239
1829 519142
1830 488072
1831 488866
1832 489556
1833 489604
1834 490765
1835 490955
1836 510971
1837 512410
1838 516039
1839 516341
1840 516599
1841 521359
1842 496473
1843 497922
1844 499342
1845 500193
1846 505457
1847 506052
1848 502516
1849 504570
1850 505793
1851 507380
1852 512330
1853 514019
1854 512487
1855 518120
1856 518254
1857 519505
1858 523510
1859 525333
1860 560196
1861 561399
1862 563291
1863 564247
1864 564814
1865 566076
1866 458006
1867 459312
1868 460455
1869 462025
1870 465503
1871 466982
1872 514612
1873 514944
1874 516312
1875 517162
1876 517213
1877 518020
1878 557306
1879 561836
1880 565492
1881 567177
1882 569708
1883 569980
1884 485189
1885 485698
1886 486334
1887 488418
1888 490057
1889 493238
1890 489578
1891 492945
1892 494245
1893 495286
1894 498643
1895 500316
1896 482189
1897 487105
1898 487516
1899 488735
1900 490102
1901 494083
1902 506872
1903 507372
1904 512501
1905 512717
1906 516730
1907 518940
1908 453188
1909 455472
1910 455898
1911 455928
1912 457038
1913 463544
1914 469556
1915 471486
1916 471746
1917 475208
1918 475326
1919 478657
1920 518788
1921 520117
1922 523330
1923 524343
1924 527683
1925 528108
1926 512184
1927 516873
1928 520166
1929 521339
1930 522685
1931 524676
1932 455642
1933 458057
1934 458168
1935 460102
1936 461042
1937 467255
1938 528006
1939 530638
1940 531937
1941 533083
1942 533250
1943 539382
1944 483047
1945 487154
1946 487509
1947 490341
1948 490672
1949 491356
1950 516166
1951 518997
1952 519376
1953 519915
1954 521932
1955 522211
1956 522882
1957 525090
1958 526201
1959 527059
1960 528299
1961 528425
1962 542860
1963 545595
1964 547387
1965 547630
1966 549033
1967 553575
1968 501396
1969 501505
1970 502392
1971 505703
1972 505794
1973 507779
1974 472578
1975 472627
1976 476637
1977 478380
1978 479396
1979 484500
1980 463916
1981 466584
1982 469703
1983 469729
1984 472246
1985 474700
1986 440463
1987 442818
1988 443245
1989 446036
1990 446701
1991 448737
1992 479799
1993 483807
1994 484910
1995 484985
1996 485248
1997 490657
1998 553506
1999 555974
2000 558516
2001 559923
2002 560192
2003 564988
2004 499587
2005 499692
2006 500746
2007 501810
2008 501882
2009 503239
2010 518883
2011 527290
2012 528686
2013 529833
2014 530890
2015 531434
2016 482796
2017 485971
2018 490864
2019 494596
2020 496197
2021 499845
2022 485632
2023 487713
2024 491026
2025 492000
2026 492291
2027 495659
2028 549365
2029 550527
2030 553820
2031 554172
2032 558144
2033 560259
2034 495221
2035 497415
2036 500022
2037 500370
2038 503898
2039 507778
2040 501129
2041 502532
2042 504130
2043 505640
2044 506191
2045 509648
2046 545608
2047 547091
2048 549884
2049 551705
2050 553233
2051 555036
2052 514197
2053 515327
2054 516947
2055 518399
2056 519041
2057 519815
2058 540381
2059 547322
2060 547584
2061 549123
2062 549244
2063 550706
2064 545373
2065 545738
2066 545842
2067 547696
2068 549030
2069 551628
2070 476345
2071 483226
2072 483924
2073 484220
2074 484844
2075 485925
2076 523298
2077 523962
2078 526165
2079 526316
2080 530265
2081 532378
2082 567029
2083 567538
2084 567915
2085 568047
2086 570962
2087 571147
2088 495686
2089 497398
2090 498148
2091 499471
2092 499678
2093 501993
2094 429349
2095 430696
2096 434265
2097 436252
2098 441378
2099 442641
2100 523889
2101 530368
2102 530522
2103 535082
2104 535316
2105 536896
2106 559191
2107 559711
2108 562935
2109 564513
2110 566215
2111 567204
2112 534588
2113 535930
2114 537418
2115 540215
2116 542986
2117 543984
2118 486485
2119 486812
2120 489693
2121 492723
2122 494020
2123 497575
2124 502904
2125 505287
2126 506603
2127 507586
2128 507840
2129 511653
2130 482319
2131 484734
2132 485922
2133 489761
2134 493198
2135 493691
2136 527386
2137 528526
2138 531408
2139 532324
2140 532769
2141 536588
2142 572092
2143 572965
2144 574667
2145 575866
2146 576445
2147 582088
2148 518266
2149 519188
2150 519605
2151 519846
2152 525708
2153 529101
2154 563049
2155 564213
2156 565411
2157 567108
2158 569435
2159 572265
2160 481127
2161 484176
2162 487593
2163 489300
2164 492008
2165 493028
2166 520319
2167 524388
2168 525164
2169 526403
2170 528262
2171 529826
2172 563891
2173 567191
2174 567905
2175 571469
2176 576972
2177 577355
2178 534591
2179 535788
2180 538891
2181 542838
2182 545146
2183 548580
2184 510133
2185 510677
2186 510880
2187 511658
2188 512172
2189 512913
2190 495943
2191 499611
2192 501210
2193 501678
2194 501881
2195 503838
2196 498371
2197 500132
2198 502338
2199 503693
2200 506927
2201 509534
2202 498454
2203 499494
2204 500871
2205 502561
2206 502590
2207 503329
2208 438127
2209 442316
2210 442391
2211 445902
2212 446447
2213 448627
2214 504038
2215 505930
2216 508706
2217 510019
2218 512463
2219 514117
2220 475372
2221 479020
2222 482558
2223 483178
2224 484591
2225 488496
2226 462475
2227 463845
2228 466953
2229 468578
2230 469024
2231 471596
2232 466175
2233 473629
2234 473963
2235 475695
2236 480388
2237 482202
2238 516601
2239 518734
2240 520205
2241 521454
2242 522799
2243 524181
2244 536838
2245 538437
2246 538753
2247 540285
2248 541513
2249 545085
2250 519034
2251 522952
2252 523088
2253 523603
2254 527611
2255 528313
2256 534622
2257 535984
2258 538700
2259 539327
2260 539416
2261 540721
2262 497890
2263 501752
2264 502074
2265 502277
2266 503884
2267 504572
2268 493732
2269 493930
2270 495196
2271 496980
2272 497160
2273 504174
2274 534274
2275 541179
2276 544786
2277 545026
2278 545911
2279 547625
2280 516983
2281 519171
2282 519821
2283 520721
2284 520769
2285 524574
2286 516995
2287 518787
2288 519692
2289 522428
2290 522729
2291 523042
2292 487726
2293 490444
2294 493595
2295 497262
2296 497340
2297 498072
2298 505697
2299 508436
2300 513022
2301 514532
2302 517666
2303 521000
2304 529360
2305 530069
2306 532562
2307 533188
2308 533852
2309 533925
2310 592423
2311 597905
2312 598189
2313 598373
2314 601949
2315 603489
2316 567843
2317 569922
2318 570879
2319 572999
2320 573865
2321 580338
2322 490496
2323 494052
2324 498954
2325 500023
2326 501689
2327 503041
2328 531969
2329 538723
2330 538728
2331 539610
2332 546840
2333 548514
2334 464352
2335 465134
2336 466955
2337 467035
2338 467535
2339 470872
2340 531888
2341 533818
2342 534953
2343 535785
2344 536272
2345 538874
2346 532532
2347 534188
2348 536894
2349 536922
2350 537055
2351 540545
2352 457594
2353 458597
2354 460742
2355 462076
2356 463868
2357 464635
2358 524552
2359 526757
2360 527244
2361 531704
2362 531951
2363 535332
2364 523252
2365 523789
2366 525100
2367 525666
2368 526337
2369 531250
2370 502868
2371 503155
2372 503528
2373 504900
2374 505119
2375 512154
2376 487212
2377 490107
2378 491010
2379 491533
2380 492524
2381 496557
2382 532251
2383 532745
2384 535776
2385 540249
2386 540338
2387 543502
2388 500496
2389 508633
2390 511675
2391 511981
2392 513093
2393 514454
2394 561550
2395 564248
2396 565148
2397 565415
2398 568548
2399 572401
2400 463484
2401 465848
2402 468857
2403 468894
2404 471005
2405 474681
2406 427504
2407 428863
2408 429744
2409 430805
2410 432358
2411 433502
2412 501824
2413 502731
2414 504337
2415 505513
2416 506921
2417 511719
2418 514897
2419 516853
2420 520078
2421 520133
2422 520846
2423 521990
2424 498320
2425 498998
2426 499350
2427 501969
2428 504778
2429 509828
2430 510448
2431 514455
2432 514946
2433 515159
2434 517859
2435 519861
2436 522899
2437 525132
2438 526502
2439 526875
2440 527399
2441 528511
2442 490230
2443 491269
2444 491809
2445 491867
2446 495166
2447 495913
2448 491620
2449 495622
2450 495888
2451 497253
2452 498602
2453 502786
2454 500883
2455 501203
2456 504662
2457 505114
2458 505385
2459 510334
2460 516217
2461 516904
2462 518194
2463 521030
2464 521932
2465 530951
2466 492566
2467 495092
2468 495397
2469 496544
2470 498518
2471 504199
2472 497968
2473 502870
2474 503831
2475 507396
2476 507868
2477 510035
2478 502832
2479 503255
2480 503366
2481 506094
2482 507913
2483 511821
2484 495806
2485 497888
2486 498207
2487 498691
2488 502337
2489 503113
2490 527224
2491 530355
2492 532119
2493 533316
2494 536645
2495 538421
2496 570852
2497 574534
2498 575618
2499 577746
2500 580833
2501 584815
2502 473602
2503 476811
2504 477392
2505 478083
2506 479466
2507 484063
2508 528715
2509 533498
2510 534894
2511 535044
2512 537092
2513 539143
2514 459343
2515 465134
2516 467446
2517 468103
2518 468403
2519 471243
2520 529433
2521 530561
2522 530735
2523 531276
2524 531864
2525 533752
2526 502499
2527 505264
2528 506181
2529 507013
2530 508528
2531 510846
2532 539256
2533 540649
2534 544188
2535 544403
2536 548044
2537 551635
2538 495349
2539 500659
2540 500875
2541 501345
2542 502070
2543 506024
2544 500881
2545 505396
2546 506615
2547 507435
2548 510484
2549 513955
2550 533481
2551 536654
2552 538909
2553 540988
2554 541682
2555 541809
2556 537135
2557 540359
2558 540871
2559 541699
2560 544348
2561 545796
2562 540542
2563 543999
2564 546994
2565 548801
2566 548820
2567 551927
2568 568280
2569 569481
2570 570119
2571 570378
2572 573989
2573 576809
2574 514848
2575 516739
2576 517072
2577 522621
2578 524695
2579 527578
2580 464143
2581 468270
2582 471383
2583 471888
2584 474441
2585 475700
2586 538752
2587 540473
2588 542934
2589 543401
2590 544124
2591 544132
2592 447201
2593 449799
2594 450868
2595 452233
2596 452601
2597 458568
2598 487464
2599 492497
2600 493155
2601 493848
2602 495305
2603 495814
2604 454544
2605 456407
2606 456691
2607 457884
2608 458615
2609 461395
2610 546967
2611 548022
2612 551314
2613 553264
2614 553287
2615 558526
2616 536674
2617 538393
2618 539156
2619 539686
2620 545144
2621 547171
2622 519935
2623 526253
2624 527030
2625 527044
2626 528497
2627 529940
2628 532159
2629 536554
2630 536826
2631 538810
2632 538956
2633 539640
2634 466112
2635 466490
2636 467011
2637 468474
2638 470631
2639 476706
2640 506181
2641 506423
2642 508290
2643 509028
2644 511068
2645 512188
2646 486774
2647 489760
2648 490067
2649 492248
2650 496353
2651 499643
2652 487175
2653 491259
2654 491476
2655 491783
2656 491840
2657 495142
2658 498907
2659 500817
2660 501165
2661 502494
2662 506040
2663 506306
2664 533931
2665 534530
2666 538586
2667 538987
2668 540171
2669 540695
2670 541025
2671 543165
2672 544828
2673 548948
2674 550361
2675 552324
2676 542157
2677 545039
2678 545576
2679 547460
2680 549571
2681 552482
2682 515257
2683 519825
2684 520212
2685 520575
2686 521629
2687 525061
2688 563993
2689 564129
2690 565659
2691 567089
2692 568690
2693 572859
2694 495625
2695 495856
2696 499368
2697 503870
2698 504592
2699 506394
2700 470047
2701 473654
2702 473935
2703 475498
2704 477887
2705 478114
2706 487775
2707 489116
2708 490425
2709 490896
2710 491389
2711 493721
2712 524142
2713 524313
2714 524521
2715 527203
2716 527937
2717 530249
2718 525480
2719 531004
2720 533487
2721 536847
2722 537393
2723 537554
2724 489242
2725 489345
2726 492049
2727 493118
2728 493853
2729 496240
2730 511333
2731 515913
2732 517034
2733 519431
2734 521746
2735 524222
2736 519598
2737 520309
2738 520449
2739 522602
2740 522675
2741 522679
2742 570625
2743 572373
2744 574073
2745 574621
2746 577242
2747 579660
2748 480539
2749 484295
2750 484391
2751 488305
2752 488627
2753 490185
2754 482928
2755 484031
2756 486104
2757 487339
2758 492386
2759 495672
2760 491606
2761 493799
2762 494492
2763 496233
2764 496933
2765 498618
2766 448795
2767 449068
2768 451606
2769 451614
2770 453365
2771 455144
2772 466301
2773 470670
2774 471752
2775 472129
2776 475230
2777 476389
2778 560745
2779 566097
2780 569469
2781 569471
2782 570444
2783 572258
2784 456768
2785 458272
2786 459583
2787 460461
2788 460763
2789 461356
2790 546520
2791 548278
2792 548526
2793 552898
2794 554217
2795 555060
2796 513767
2797 516157
2798 516466
2799 516754
2800 517072
2801 517822
2802 474981
2803 477048
2804 477897
2805 478293
2806 481744
2807 485635
2808 470276
2809 479163
2810 479778
2811 480449
2812 480496
2813 481764
2814 499071
2815 502960
2816 504572
2817 504832
2818 506464
2819 509098
2820 506878
2821 509325
2822 511379
2823 514883
2824 515111
2825 520017
2826 500939
2827 503422
2828 504351
2829 504596
2830 505662
2831 505737
2832 454645
2833 460103
2834 460310
2835 461013
2836 463892
2837 464414
2838 483114
2839 483647
2840 485274
2841 489516
2842 490025
2843 490269
2844 505185
2845 507980
2846 511277
2847 512593
2848 515477
2849 521760
2850 450983
2851 453654
2852 455331
2853 457836
2854 462996
2855 467469
2856 478916
2857 479269
2858 483348
2859 486845
2860 488658
2861 489158
2862 483640
2863 489425
2864 489762
2865 490874
2866 491337
2867 491973
2868 519359
2869 520437
2870 522984
2871 523852
2872 526830
2873 526930
2874 497045
2875 497710
2876 501348
2877 503012
2878 503039
2879 504165
2880 537767
2881 541121
2882 542185
2883 543123
2884 543681
2885 543901
2886 523241
2887 524548
2888 528756
2889 528885
2890 531909
2891 532312
2892 494325
2893 495184
2894 497938
2895 499757
2896 500724
2897 502430
2898 466424
2899 470427
2900 470499
2901 471421
2902 473967
2903 476466
2904 488168
2905 490253
2906 490749
2907 491540
2908 492124
2909 497866
2910 514285
2911 521552
2912 522284
2913 524602
2914 525797
2915 527499
2916 575973
2917 581952
2918 582414
2919 583887
2920 586507
2921 586887
2922 493408
2923 497260
2924 497603
2925 498967
2926 501973
2927 503539
2928 490176
2929 490311
2930 491817
2931 492458
2932 492779
2933 494434
2934 468367
2935 468811
2936 470181
2937 470459
2938 473501
2939 476827
2940 489020
2941 492577
2942 493697
2943 494651
2944 497186
2945 497381
2946 532577
2947 532825
2948 535117
2949 535685
2950 536675
2951 543688
2952 554997
2953 556176
2954 557513
2955 558283
2956 559737
2957 564221
2958 492623
2959 495795
2960 495806
2961 496802
2962 497225
2963 500709
2964 478663
2965 478754
2966 482611
2967 482992
2968 483901
2969 485367
2970 501136
2971 505157
2972 505572
2973 506062
2974 509524
2975 513600
2976 529497
2977 534797
2978 535591
2979 536279
2980 537979
2981 543040
2982 538690
2983 542203
2984 546165
2985 547163
2986 550367
2987 551696
2988 502611
2989 504841
2990 506117
2991 506240
2992 508823
2993 509177
2994 547549
2995 551710
2996 551866
2997 552100
2998 552148
2999 553406
3000 484188
3001 486598
3002 488134
3003 488250
3004 491783
3005 496973
3006 502550
3007 504369
3008 504486
3009 508232
3010 508684
3011 508972
3012 490074
3013 492655
3014 493925
3015 495692
3016 496447
3017 501285
3018 467724
3019 470237
3020 471429
3021 476007
3022 479021
3023 479312
3024 522471
3025 523760
3026 525642
3027 525781
3028 526147
3029 531296
3030 553920
3031 555511
3032 555821
3033 556999
3034 557644
3035 562998
3036 487132
3037 488236
3038 489781
3039 493397
3040 496132
3041 496885
3042 488100
3043 490468
3044 490539
3045 490666
3046 494414
3047 494704
3048 458570
3049 461586
3050 466752
3051 469108
3052 471770
3053 473451
3054 528752
3055 534878
3056 535196
3057 535825
3058 537603
3059 539462
3060 458523
3061 463232
3062 463319
3063 463363
3064 463618
3065 464252
3066 486191
3067 492244
3068 493872
3069 494394
3070 494846
3071 498153
3072 490226
3073 492989
3074 493512
3075 496340
3076 497743
3077 499185
3078 465389
3079 466255
3080 468558
3081 468796
3082 468960
3083 471430
3084 578330
3085 581986
3086 582958
3087 585047
3088 586132
3089 587426
3090 480808
3091 484024
3092 484313
3093 486453
3094 488644
3095 490280
3096 453442
3097 455229
3098 455958
3099 456729
3100 457705
3101 462289
3102 439726
3103 444524
3104 445196
3105 446639
3106 448309
3107 450011
3108 472550
3109 478772
3110 478952
3111 481873
3112 483586
3113 490223
3114 510871
3115 511125
3116 511644
3117 512521
3118 515378
3119 520111
3120 518438
3121 521814
3122 522542
3123 524450
3124 528445
3125 529431
3126 559706
3127 561989
3128 563062
3129 566144
3130 566553
3131 567850
3132 521383
3133 524789
3134 527101
3135 527308
3136 528133
3137 536934
3138 485648
3139 489927
3140 492174
3141 495309
3142 497964
3143 498453
3144 454631
3145 458353
3146 460237
3147 462220
3148 465969
3149 467501
3150 422195
3151 423714
3152 429008
3153 429747
3154 433254
3155 436009
3156 514740
3157 518539
3158 522071
3159 522739
3160 524270
3161 525833
3162 538797
3163 539721
3164 541811
3165 542455
3166 545837
3167 547788
3168 561621
3169 564357
3170 565529
3171 566221
3172 566514
3173 567156
3174 468462
3175 468934
3176 469364
3177 473448
3178 478193
3179 481439
3180 446861
3181 453487
3182 454506
3183 454508
3184 454984
3185 456625
3186 508168
3187 510773
3188 512214
3189 512511
3190 516115
3191 517609
3192 515445
3193 519741
3194 520762
3195 521473
3196 522910
3197 525134
3198 480932
3199 485495
3200 489795
3201 490309
3202 496225
3203 497072
3204 488789
3205 489961
3206 495745
3207 495762
3208 496565
3209 500819
3210 539311
3211 539664
3212 540046
3213 544877
3214 546170
3215 549521
3216 489663
3217 491142
3218 491442
3219 492115
3220 492198
3221 495764
3222 494411
3223 501071
3224 501405
3225 502195
3226 506573
3227 508439
3228 521216
3229 523329
3230 523351
3231 526698
3232 526918
3233 529267
3234 538050
3235 541028
3236 544130
3237 545325
3238 546603
3239 546965
3240 457382
3241 463504
3242 463714
3243 464647
3244 465780
3245 466928
3246 486309
3247 489653
3248 490793
3249 490839
3250 492799
3251 497280
3252 562888
3253 566148
3254 566547
3255 568982
3256 570978
3257 574635
3258 445432
3259 451134
3260 451477
3261 454150
3262 457518
3263 457692
3264 452055
3265 452266
3266 456167
3267 457873
3268 459171
3269 460103
3270 446916
3271 448210
3272 448343
3273 455367
3274 456188
3275 456918
3276 483110
3277 483215
3278 484402
3279 484570
3280 486356
3281 487413
3282 491991
3283 498825
3284 499089
3285 499740
3286 500396
3287 504164
3288 497644
3289 502667
3290 505413
3291 505902
3292 507476
3293 511973
3294 486526
3295 491240
3296 495292
3297 498013
3298 500885
3299 503484
3300 486828
3301 489458
3302 491791
3303 493983
3304 494644
3305 495289
3306 524380
3307 524912
3308 524914
3309 525244
3310 525762
3311 531633
3312 482347
3313 483353
3314 486743
3315 490145
3316 490218
3317 491009
3318 502157
3319 502845
3320 503368
3321 503951
3322 506407
3323 509840
3324 530543
3325 535098
3326 535646
3327 537195
3328 537892
3329 543802
3330 521738
3331 529924
3332 530553
3333 530767
3334 531567
3335 532465
3336 464729
3337 466312
3338 469134
3339 469676
3340 470902
3341 477457
3342 489631
3343 491161
3344 491555
3345 496071
3346 498185
3347 498209
3348 511157
3349 513744
3350 513894
3351 514301
3352 515668
3353 518734
3354 538301
3355 538544
3356 539730
3357 541562
3358 544853
3359 546433
3360 516441
3361 516652
3362 518901
3363 519680
3364 520299
3365 526410
3366 504861
3367 505278
3368 506314
3369 508089
3370 508467
3371 511614
3372 457777
3373 458479
3374 459980
3375 460722
3376 461170
3377 464007
3378 510553
3379 512206
3380 514012
3381 514915
3382 514955
3383 518398
3384 525537
3385 527879
3386 528842
3387 529994
3388 530086
3389 530218
3390 514381
3391 518310
3392 518760
3393 519693
3394 521500
3395 524896
3396 482403
3397 486841
3398 489095
3399 489510
3400 489668
3401 491103
3402 486975
3403 487829
3404 488950
3405 491200
3406 491663
3407 496790
3408 494383
3409 494929
3410 496097
3411 496818
3412 499953
3413 505170
3414 474154
3415 475139
3416 478621
3417 478912
3418 482398
3419 487479
3420 460060
3421 460333
3422 461871
3423 464036
3424 465280
3425 471372
3426 476870
3427 480710
3428 481128
3429 483261
3430 485278
3431 491834
3432 505788
3433 507048
3434 507820
3435 508415
3436 508673
3437 516002
3438 502067
3439 504376
3440 506862
3441 512413
3442 513249
3443 515326
3444 433156
3445 433158
3446 435146
3447 437115
3448 441184
3449 441390
3450 489454
3451 491103
3452 491149
3453 491342
3454 491554
3455 493528
3456 510013
3457 512064
3458 512828
3459 512934
3460 514829
3461 516433
3462 476933
3463 481542
3464 481886
3465 483777
3466 490564
3467 490814
3468 477241
3469 478216
3470 483232
3471 484451
3472 485729
3473 488315
3474 443747
3475 446632
3476 447248
3477 447699
3478 450132
3479 451503
3480 451479
3481 452087
3482 454307
3483 455936
3484 456271
3485 456413
3486 523494
3487 524256
3488 524561
3489 526354
3490 527999
3491 532063
3492 485456
3493 493889
3494 493969
3495 496526
3496 497228
3497 498030
3498 571182
3499 572671
3500 577677
3501 578384
3502 579403
3503 584629
3504 544883
3505 551025
3506 552299
3507 552444
3508 556925
3509 558028
3510 490289
3511 497363
3512 501881
3513 503006
3514 503010
3515 505884
3516 512604
3517 515507
3518 520512
3519 520712
3520 524442
3521 526327
3522 496681
3523 503090
3524 504396
3525 506980
3526 508241
3527 510447
3528 487888
3529 490565
3530 492567
3531 494466
3532 498733
3533 502071
3534 535207
3535 538908
3536 543147
3537 544484
3538 545679
3539 547163
3540 509014
3541 509266
3542 512098
3543 516432
3544 519836
3545 520687
3546 424791
3547 427622
3548 429672
3549 430952
3550 437805
3551 439998
3552 523447
3553 526567
3554 526999
3555 532724
3556 535011
3557 540326
3558 485302
3559 486293
3560 487660
3561 491405
3562 491504
3563 492317
3564 510510
3565 511205
3566 512000
3567 512799
3568 513663
3569 514736
3570 520944
3571 526345
3572 526383
3573 526988
3574 527426
3575 528929
3576 515128
3577 516591
3578 517125
3579 517428
3580 519406
3581 521580
3582 481653
3583 483618
3584 484513
3585 489272
3586 489385
3587 489562
3588 479463
3589 480736
3590 481006
3591 483157
3592 488841
3593 489104
3594 584529
3595 590084
3596 590105
3597 591096
3598 592552
3599 594821
3600 513754
3601 519317
3602 520945
3603 521304
3604 522263
3605 522905
3606 466726
3607 466857
3608 467236
3609 471614
3610 473646
3611 475495
3612 524620
3613 525997
3614 530373
3615 531767
3616 531811
3617 536810
3618 492786
3619 493146
3620 497766
3621 497788
3622 498827
3623 501608
3624 555578
3625 557018
3626 558603
3627 558794
3628 559074
3629 560491
3630 523500
3631 524493
3632 525773
3633 530285
3634 531181
3635 531743
3636 522622
3637 522718
3638 524962
3639 525556
3640 531975
3641 534149
3642 515827
3643 520675
3644 521362
3645 524561
3646 524690
3647 526264
3648 460770
3649 465106
3650 466086
3651 467358
3652 472790
3653 475518
3654 493514
3655 496187
3656 497842
3657 501316
3658 502320
3659 503381
3660 486264
3661 490334
3662 490940
3663 491955
3664 494332
3665 498268
3666 497922
3667 499419
3668 499941
3669 502019
3670 502350
3671 508873
3672 514468
3673 515683
3674 523413
3675 523653
3676 524518
3677 524904
3678 460220
3679 462157
3680 465236
3681 465461
3682 467200
3683 468657
3684 522709
3685 523149
3686 524553
3687 525235
3688 526983
3689 528345
3690 503252
3691 504687
3692 509381
3693 510743
3694 514826
3695 517563
3696 538978
3697 542025
3698 542931
3699 544721
3700 545799
3701 549612
3702 454124
3703 456655
3704 457673
3705 458065
3706 460931
3707 461070
3708 479448
3709 480483
3710 483142
3711 486610
3712 488742
3713 490630
3714 539979
3715 540056
3716 541342
3717 541892
3718 542612
3719 543914
3720 529402
3721 530476
3722 533940
3723 534471
3724 537885
3725 540326
3726 479888
3727 481260
3728 481302
3729 482502
3730 484775
3731 488199
3732 510707
3733 513856
3734 513902
3735 518432
3736 518591
3737 522456
3738 495781
3739 496684
3740 497679
3741 498462
3742 500232
3743 500722
3744 518377
3745 524005
3746 526370
3747 527322
3748 529294
3749 531737
3750 524258
3751 526838
3752 528829
3753 529253
3754 529987
3755 531284
3756 528673
3757 529546
3758 533578
3759 535766
3760 538833
3761 539064
3762 492428
3763 497069
3764 498146
3765 498218
3766 499178
3767 499891
3768 521297
3769 526399
3770 527426
3771 528003
3772 529021
3773 536893
3774 531530
3775 532085
3776 535904
3777 538113
3778 539666
3779 546320
3780 489698
3781 491651
3782 492363
3783 492488
3784 495102
3785 497339
3786 459371
3787 462015
3788 462988
3789 463805
3790 464697
3791 472613
3792 500309
3793 502283
3794 503151
3795 503306
3796 503369
3797 504133
3798 491635
3799 493549
3800 494922
3801 496255
3802 500598
3803 503487
3804 540508
3805 542936
3806 543290
3807 546756
3808 547354
3809 547854
3810 458126
3811 461673
3812 461712
3813 462058
3814 462685
3815 465108
3816 463339
3817 464520
3818 465669
3819 467610
3820 470487
3821 470892
3822 546824
3823 547760
3824 548376
3825 551224
3826 551688
3827 555052
3828 470466
3829 472155
3830 473578
3831 473722
3832 474846
3833 479428
3834 512848
3835 518556
3836 518998
3837 519487
3838 521798
3839 523258
3840 449050
3841 454531
3842 455284
3843 455824
3844 456008
3845 457582
3846 504881
3847 504947
3848 505859
3849 506242
3850 506751
3851 508318
3852 443251
3853 443449
3854 443919
3855 443999
3856 446150
3857 447120
3858 505272
3859 505624
3860 510627
3861 512048
3862 514271
3863 517177
3864 538655
3865 538859
3866 539028
3867 539199
3868 539626
3869 541910
3870 484045
3871 486248
3872 486556
3873 488265
3874 490163
3875 494753
3876 524295
3877 531405
3878 531602
3879 533448
3880 536517
3881 536645
3882 491204
3883 497535
3884 499519
3885 500639
3886 503305
3887 503986
3888 479592
3889 481297
3890 483109
3891 486906
3892 487693
3893 491734
3894 457611
3895 459940
3896 463040
3897 463765
3898 464105
3899 472263
3900 487403
3901 493330
3902 493564
3903 493987
3904 494617
3905 496517
3906 534252
3907 536374
3908 541130
3909 542011
3910 543325
3911 545315
3912 509597
3913 510477
3914 513405
3915 517855
3916 518016
3917 522465
3918 504478
3919 507908
3920 510870
3921 511544
3922 512206
3923 513006
3924 505359
3925 507282
3926 508027
3927 510596
3928 511891
3929 511937
3930 523596
3931 524606
3932 525998
3933 527288
3934 528148
3935 530825
3936 512864
3937 515883
3938 516808
3939 518288
3940 521200
3941 527353
3942 509875
3943 513545
3944 513691
3945 515502
3946 515664
3947 521106
3948 443367
3949 443918
3950 444312
3951 445280
3952 447041
3953 452447
3954 460029
3955 463097
3956 466837
3957 467634
3958 468162
3959 470922
3960 494632
3961 497275
3962 502347
3963 503610
3964 504422
3965 504839
3966 495729
3967 499813
3968 501014
3969 504582
3970 506668
3971 507292
3972 486144
3973 487315
3974 487565
3975 490126
3976 492253
3977 495946
3978 450719
3979 454732
3980 457372
3981 457909
3982 461843
3983 466228
3984 477933
3985 482254
3986 483074
3987 484371
3988 485099
3989 485676
3990 495453
3991 495809
3992 497578
3993 498372
3994 500944
3995 506392
3996 487593
3997 489734
3998 489879
3999 492601
4000 492828
4001 494302
4002 474415
4003 476640
4004 476939
4005 480524
4006 481059
4007 483642
4008 571113
4009 574305
4010 574713
4011 576728
4012 578131
4013 580256
4014 546023
4015 548372
4016 548664
4017 549864
4018 550308
4019 552703
4020 510345
4021 511800
4022 515070
4023 515521
4024 516267
4025 522856
4026 528903
4027 534789
4028 535309
4029 535561
4030 539370
4031 544656
4032 497709
4033 499018
4034 500298
4035 501116
4036 501444
4037 501902
4038 482297
4039 486944
4040 487228
4041 488269
4042 492708
4043 496416
4044 499654
4045 500220
4046 503057
4047 503848
4048 505764
4049 506087
4050 505867
4051 508572
4052 510329
4053 511409
4054 512876
4055 513569
4056 474882
4057 475871
4058 476211
4059 476530
4060 478502
4061 479582
4062 492136
4063 493741
4064 495585
4065 498686
4066 498687
4067 502303
4068 448427
4069 448863
4070 451729
4071 452054
4072 454278
4073 457905
4074 520314
4075 520582
4076 521421
4077 522084
4078 523537
4079 524853
4080 466538
4081 468529
4082 469013
4083 469451
4084 470138
4085 470925
4086 491744
4087 493362
4088 493699
4089 495750
4090 498075
4091 502137
4092 484992
4093 490658
4094 490824
4095 492338
4096 493900
4097 498391
4098 496292
4099 497392
4100 498218
4101 498586
4102 500363
4103 501702
4104 512569
4105 513572
4106 514974
4107 515677
4108 520527
4109 529393
4110 484096
4111 486231
4112 487187
4113 489798
4114 491200
4115 491429
4116 471914
4117 480311
4118 480406
4119 481897
4120 484168
4121 485052
4122 479718
4123 481674
4124 482051
4125 487717
4126 487958
4127 490911
4128 512752
4129 515306
4130 518274
4131 518688
4132 520149
4133 521375
4134 476651
4135 477425
4136 478654
4137 480238
4138 480750
4139 481155
4140 537360
4141 537420
4142 538491
4143 539108
4144 542912
4145 545094
4146 478710
4147 481418
4148 482141
4149 483262
4150 485230
4151 487403
4152 439228
4153 443514
4154 445171
4155 445508
4156 446719
4157 448648
4158 507955
4159 508932
4160 511248
4161 514922
4162 517457
4163 517687
4164 515830
4165 518319
4166 520837
4167 521700
4168 523016
4169 523874
4170 507701
4171 508558
4172 512861
4173 514082
4174 514867
4175 516980
4176 538604
4177 540594
4178 540856
4179 543759
4180 544222
4181 546490
4182 506969
4183 508541
4184 510261
4185 511316
4186 512281
4187 515134
4188 489851
4189 490048
4190 490629
4191 492234
4192 492647
4193 495322
4194 472349
4195 478399
4196 478967
4197 480733
4198 480887
4199 484690
4200 511521
4201 514758
4202 514987
4203 516384
4204 521746
4205 523155
4206 508092
4207 509977
4208 513339
4209 513960
4210 516124
4211 520892
4212 546602
4213 549940
4214 550422
4215 550670
4216 552094
4217 552229
4218 463742
4219 466605
4220 468385
4221 468437
4222 475471
4223 477920
4224 537790
4225 541612
4226 541857
4227 544057
4228 545489
4229 549864
4230 486322
4231 488110
4232 493729
4233 494280
4234 498547
4235 500620
4236 519003
4237 519426
4238 523007
4239 525883
4240 526421
4241 534987
4242 515035
4243 516268
4244 516515
4245 517048
4246 519520
4247 520553
4248 491209
4249 492832
4250 493709
4251 494331
4252 494945
4253 496238
4254 484866
4255 486683
4256 489715
4257 489961
4258 490491
4259 494231
4260 496183
4261 497445
4262 499954
4263 500410
4264 500591
4265 500864
4266 533994
4267 534744
4268 539749
4269 539998
4270 541135
4271 542287
4272 541280
4273 542033
4274 542098
4275 543794
4276 546285
4277 553866
4278 475620
4279 480356
4280 482542
4281 484843
4282 485093
4283 487000
4284 510857
4285 515136
4286 515211
4287 517753
4288 517766
4289 523326
4290 496885
4291 499507
4292 500087
4293 500461
4294 500584
4295 501190
4296 449324
4297 451260
4298 451905
4299 457370
4300 459426
4301 460625
4302 530539
4303 531230
4304 535279
4305 536071
4306 536572
4307 542453
4308 435597
4309 436859
4310 437065
4311 441789
4312 443156
4313 445834
4314 503776
4315 506579
4316 507767
4317 509464
4318 510106
4319 514591
4320 445944
4321 448267
4322 448393
4323 451999
4324 454648
4325 457240
4326 566733
4327 569955
4328 570804
4329 571963
4330 574402
4331 579070
4332 525313
4333 525502
4334 526758
4335 527273
4336 528634
4337 531739
4338 462920
4339 465981
4340 466661
4341 467757
4342 470009
4343 473471
4344 492496
4345 495637
4346 496778
4347 498413
4348 498627
4349 498865
4350 517188
4351 521737
4352 523556
4353 525764
4354 525799
4355 530049
4356 499025
4357 502113
4358 503790
4359 504455
4360 504765
4361 505276
4362 501645
4363 505360
4364 505806
4365 509443
4366 510048
4367 516846
4368 476126
4369 476905
4370 479619
4371 480839
4372 481487
4373 483387
4374 499157
4375 501889
4376 502964
4377 504944
4378 508481
4379 508687
4380 499948
4381 501259
4382 503451
4383 503521
4384 504413
4385 505947
4386 532853
4387 533354
4388 536671
4389 540558
4390 542172
4391 544444
4392 480457
4393 481931
4394 483560
4395 484082
4396 488309
4397 488486
4398 429135
4399 430406
4400 431210
4401 433362
4402 434382
4403 436407
4404 444837
4405 445469
4406 445955
4407 448069
4408 452872
4409 453723
4410 549214
4411 549620
4412 549832
4413 552247
4414 554062
4415 555214
4416 570473
4417 571491
4418 575620
4419 576811
4420 584040
4421 585124
4422 488944
4423 493275
4424 493584
4425 494662
4426 494907
4427 494953
4428 507381
4429 509682
4430 511112
4431 511667
4432 513115
4433 516417
4434 498163
4435 499571
4436 501370
4437 503411
4438 503825
4439 507210
4440 510922
4441 512830
4442 516776
4443 517794
4444 518732
4445 521828
4446 477699
4447 480145
4448 480268
4449 480800
4450 481386
4451 485143
4452 447831
4453 452808
4454 454824
4455 455300
4456 456849
4457 460391
4458 545474
4459 548032
4460 548625
4461 550473
4462 554006
4463 554821
4464 520762
4465 522367
4466 522749
4467 524208
4468 524740
4469 526000
4470 548588
4471 553217
4472 553373
4473 554868
4474 558475
4475 560913
4476 458270
4477 458776
4478 459382
4479 460176
4480 464764
4481 465616
4482 482429
4483 482469
4484 485393
4485 485470
4486 490030
4487 491452
4488 559195
4489 560362
4490 560431
4491 565408
4492 565803
4493 573106
4494 513954
4495 515139
4496 517417
4497 517524
4498 517692
4499 518443
4500 446858
4501 446942
4502 449883
4503 452518
4504 453250
4505 454956
4506 435718
4507 439240
4508 440497
4509 443204
4510 443319
4511 446114
4512 471383
4513 473401
4514 476709
4515 478327
4516 481177
4517 482149
4518 508194
4519 516462
4520 517081
4521 517829
4522 523739
4523 525208
4524 493172
4525 501496
4526 502041
4527 502061
4528 503796
4529 509340
4530 434869
4531 437496
4532 440046
4533 444187
4534 446607
4535 447350
4536 451603
4537 454543
4538 455092
4539 456380
4540 459551
4541 465600
4542 509567
4543 510528
4544 510750
4545 515169
4546 515876
4547 519239
4548 521775
4549 523012
4550 524296
4551 524405
4552 526249
4553 530241
4554 503278
4555 503337
4556 506090
4557 508431
4558 509819
4559 513796
4560 480662
4561 484731
4562 484974
4563 488891
4564 490479
4565 492154
4566 422781
4567 423040
4568 426574
4569 429289
4570 429367
4571 429839
4572 469960
4573 472978
4574 474974
4575 477157
4576 477891
4577 480688
4578 488442
4579 489411
4580 491139
4581 493163
4582 493199
4583 498022
4584 531313
4585 535137
4586 535482
4587 536058
4588 538239
4589 544146
4590 507068
4591 512797
4592 513727
4593 514669
4594 516220
4595 523192
4596 506654
4597 506671
4598 507194
4599 507889
4600 509670
4601 510194
4602 502409
4603 503534
4604 507273
4605 508888
4606 513136
4607 514550
4608 534049
4609 534224
4610 537433
4611 542108
4612 543682
4613 543728
4614 488527
4615 492610
4616 495189
4617 497439
4618 497564
4619 501183
4620 537805
4621 539473
4622 540565
4623 541339
4624 543015
4625 546932
4626 497563
4627 500659
4628 502048
4629 502924
4630 505827
4631 508108
4632 456427
4633 456584
4634 459088
4635 459414
4636 463351
4637 464938
4638 526721
4639 530600
4640 531479
4641 531988
4642 532908
4643 533119
4644 510591
4645 513323
4646 513954
4647 517891
4648 520000
4649 525793
4650 496549
4651 498595
4652 501030
4653 501417
4654 508381
4655 509297
4656 502259
4657 502783
4658 505840
4659 506435
4660 507368
4661 511746
4662 478096
4663 480849
4664 484657
4665 485470
4666 485841
4667 491458
4668 503794
4669 509259
4670 512727
4671 516544
4672 516941
4673 517977
4674 458747
4675 458897
4676 459296
4677 459981
4678 462326
4679 463150
4680 480115
4681 482605
4682 484321
4683 484949
4684 486762
4685 493293
4686 528749
4687 532330
4688 535188
4689 535276
4690 535442
4691 538154
4692 485008
4693 488185
4694 488868
4695 489760
4696 490574
4697 492297
4698 461411
4699 465106
4700 465742
4701 467338
4702 468764
4703 469515
4704 545978
4705 549498
4706 549925
4707 551265
4708 554837
4709 554890
4710 461428
4711 465254
4712 465981
4713 466748
4714 469981
4715 470633
4716 477470
4717 481325
4718 481668
4719 485253
4720 486789
4721 487595
4722 526216
4723 526787
4724 528405
4725 532342
4726 533621
4727 536680
4728 446899
4729 447520
4730 453216
4731 454132
4732 460949
4733 461844
4734 490209
4735 494099
4736 498695
4737 500746
4738 501924
4739 502165
4740 462836
4741 466187
4742 467878
4743 468188
4744 471320
4745 474080
4746 510497
4747 511233
4748 513191
4749 517002
4750 522468
4751 522645
4752 498361
4753 502597
4754 503884
4755 503989
4756 504002
4757 505521
4758 497048
4759 500250
4760 500983
4761 501630
4762 501642
4763 508736
4764 491785
4765 493737
4766 494447
4767 497180
4768 497841
4769 501112
4770 499980
4771 504447
4772 504703
4773 506957
4774 507488
4775 511725
4776 533771
4777 535950
4778 536424
4779 537666
4780 538115
4781 540497
4782 474044
4783 477888
4784 478764
4785 478984
4786 479731
4787 482230
4788 518709
4789 518791
4790 521197
4791 521372
4792 521805
4793 523062
4794 515565
4795 517390
4796 518762
4797 522535
4798 522802
4799 528368
4800 539869
4801 541456
4802 542405
4803 544116
4804 544864
4805 548518
4806 535021
4807 538734
4808 540719
4809 541322
4810 545806
4811 549434
4812 488495
4813 491134
4814 493619
4815 494765
4816 497280
4817 503651
4818 494592
4819 495522
4820 496046
4821 500204
4822 500449
4823 504765
4824 509942
4825 511708
4826 512301
4827 515565
4828 517583
4829 522560
4830 529718
4831 534851
4832 535889
4833 536346
4834 539143
4835 544544
4836 468127
4837 468932
4838 472528
4839 473698
4840 478711
4841 478831
4842 520346
4843 521079
4844 522555
4845 524390
4846 524941
4847 527753
4848 550305
4849 551182
4850 552108
4851 553715
4852 554657
4853 555203
4854 520287
4855 522245
4856 525107
4857 528411
4858 528514
4859 531211
4860 476529
4861 480848
4862 482107
4863 482998
4864 483040
4865 487154
4866 538575
4867 539120
4868 539283
4869 539424
4870 539568
4871 540539
4872 462553
4873 465031
4874 466556
4875 467330
4876 467793
4877 468735
4878 508245
4879 508859
4880 511944
4881 512584
4882 514715
4883 514953
4884 505521
4885 505638
4886 507343
4887 507918
4888 513137
4889 514972
4890 470539
4891 475016
4892 479935
4893 481173
4894 484437
4895 484663
4896 514391
4897 519538
4898 519739
4899 519776
4900 520577
4901 522563
4902 584025
4903 585329
4904 586380
4905 590469
4906 594686
4907 595247
4908 525104
4909 526830
4910 527317
4911 528393
4912 529184
4913 536291
4914 511405
4915 513068
4916 513229
4917 514562
4918 515826
4919 516872
4920 507173
4921 507449
4922 510040
4923 510909
4924 511621
4925 514071
4926 497385
4927 503031
4928 503250
4929 505975
4930 506946
4931 512817
4932 500685
4933 505846
4934 507588
4935 507963
4936 509451
4937 511706
4938 509798
4939 511355
4940 513734
4941 515183
4942 515285
4943 515600
4944 527009
4945 528730
4946 533358
4947 533848
4948 534935
4949 542315
4950 526553
4951 527178
4952 528737
4953 530198
4954 530526
4955 531318
4956 490916
4957 491574
4958 494451
4959 494495
4960 496997
4961 501908
4962 458442
4963 459735
4964 460667
4965 462052
4966 464432
4967 464863
4968 505502
4969 505581
4970 508520
4971 508660
4972 508860
4973 510695
4974 525715
4975 526749
4976 527692
4977 529128
4978 530154
4979 535614
4980 558583
4981 562296
4982 565440
4983 566929
4984 569001
4985 572617
4986 498719
4987 499398
4988 499797
4989 503209
4990 505391
4991 508149
4992 462762
4993 464270
4994 467745
4995 471432
4996 472442
4997 473584
4998 484997
4999 486348
5000 487269
5001 489136
5002 492547
5003 494880
5004 507082
5005 507406
5006 508165
5007 508199
5008 510201
5009 510934
5010 501668
5011 506034
5012 509913
5013 511869
5014 514843
5015 516769
5016 517645
5017 520054
5018 520994
5019 521419
5020 524821
5021 525556
5022 474200
5023 475388
5024 477664
5025 480010
5026 480215
5027 484524
5028 501217
5029 507730
5030 510301
5031 511204
5032 511899
5033 519207
5034 472101
5035 477394
5036 479024
5037 479244
5038 480272
5039 482842
5040 460037
5041 462691
5042 463188
5043 465354
5044 465879
5045 465968
5046 524704
5047 529680
5048 532845
5049 532993
5050 537807
5051 539810
5052 541178
5053 542432
5054 542912
5055 545640
5056 548306
5057 551555
5058 461808
5059 462875
5060 467307
5061 467651
5062 467808
5063 468629
5064 495314
5065 495331
5066 495569
5067 496028
5068 497191
5069 502135
5070 543712
5071 544689
5072 545103
5073 545502
5074 547465
5075 549678
5076 503139
5077 504779
5078 507252
5079 509693
5080 510163
5081 511766
5082 499629
5083 501218
5084 503954
5085 505399
5086 506446
5087 510665
5088 485110
5089 487477
5090 489285
5091 489458
5092 489997
5093 498700
5094 529570
5095 532856
5096 534852
5097 536136
5098 537872
5099 540341
5100 517703
5101 519484
5102 519707
5103 520025
5104 524385
5105 526487
5106 512527
5107 515836
5108 516673
5109 517069
5110 520795
5111 521075
5112 483027
5113 487731
5114 488214
5115 489762
5116 496012
5117 496529
5118 528241
5119 533951
5120 536994
5121 537472
5122 537978
5123 543085
5124 476978
5125 477532
5126 478213
5127 478567
5128 480382
5129 482266
5130 556461
5131 563631
5132 564790
5133 564954
5134 565113
5135 567658
5136 515312
5137 515630
5138 515748
5139 519411
5140 520311
5141 522928
5142 458534
5143 458941
5144 463587
5145 466072
5146 466336
5147 471261
5148 475437
5149 476468
5150 479967
5151 480441
5152 480992
5153 481072
5154 481797
5155 482950
5156 484414
5157 487002
5158 487402
5159 489941
5160 483429
5161 483554
5162 484707
5163 487625
5164 489535
5165 490782
5166 563740
5167 563958
5168 564127
5169 565466
5170 566283
5171 566487
5172 528337
5173 528643
5174 534296
5175 538082
5176 539984
5177 542420
5178 538063
5179 540715
5180 541170
5181 541724
5182 544053
5183 546184
5184 528509
5185 534142
5186 535449
5187 535615
5188 540008
5189 540403
5190 550755
5191 552227
5192 552508
5193 553983
5194 560234
5195 560691
5196 557152
5197 563825
5198 563875
5199 564127
5200 564632
5201 569447
5202 484468
5203 488606
5204 489498
5205 490822
5206 494583
5207 494708
5208 489960
5209 491778
5210 491936
5211 496085
5212 496137
5213 501519
5214 520916
5215 521112
5216 522268
5217 523166
5218 524526
5219 526703
5220 512271
5221 512669
5222 513139
5223 516124
5224 517452
5225 520967
5226 471627
5227 475516
5228 475870
5229 479371
5230 482573
5231 484914
5232 538589
5233 538801
5234 539123
5235 539226
5236 543034
5237 546019
5238 513315
5239 517051
5240 521854
5241 525861
5242 525924
5243 527667
5244 518568
5245 521353
5246 523343
5247 524620
5248 524835
5249 525035
5250 510385
5251 516759
5252 517014
5253 519319
5254 519634
5255 525416
5256 467490
5257 467976
5258 470907
5259 473010
5260 474819
5261 474845
5262 529570
5263 531749
5264 536427
5265 536525
5266 539004
5267 539567
5268 475740
5269 481411
5270 481754
5271 481789
5272 482656
5273 487480
5274 495603
5275 503796
5276 504720
5277 507597
5278 507702
5279 507983
5280 506318
5281 509311
5282 509578
5283 510314
5284 513303
5285 515320
5286 532245
5287 534556
5288 538393
5289 539448
5290 539486
5291 543243
5292 500690
5293 501566
5294 502947
5295 503292
5296 507625
5297 507974
5298 479958
5299 484882
5300 488262
5301 488460
5302 488614
5303 493037
5304 475541
5305 480056
5306 481143
5307 481766
5308 484346
5309 488234
5310 483753
5311 485616
5312 486198
5313 486199
5314 486719
5315 490936
5316 556615
5317 557240
5318 557511
5319 558248
5320 558381
5321 559296
5322 515463
5323 517165
5324 517955
5325 519183
5326 519668
5327 522428
5328 471352
5329 472671
5330 475441
5331 476513
5332 476588
5333 478116
5334 448762
5335 449123
5336 452048
5337 453339
5338 454070
5339 456542
5340 523564
5341 531243
5342 531398
5343 532968
5344 534183
5345 538683
5346 510176
5347 512888
5348 514124
5349 514333
5350 515477
5351 516562
5352 459662
5353 468120
5354 472618
5355 474612
5356 475308
5357 476831
5358 480405
5359 482732
5360 485207
5361 485586
5362 488945
5363 490276
5364 479902
5365 481259
5366 483249
5367 483557
5368 484265
5369 485286
5370 544080
5371 546374
5372 546787
5373 550896
5374 552305
5375 552588
5376 513089
5377 514787
5378 514877
5379 518391
5380 519656
5381 525862
5382 504897
5383 508203
5384 509850
5385 509850
5386 514310
5387 514323
5388 468147
5389 470482
5390 473642
5391 474593
5392 476144
5393 478222
5394 472671
5395 475004
5396 477394
5397 480379
5398 481650
5399 482838
5400 495039
5401 495440
5402 495754
5403 497247
5404 498343
5405 499699
5406 510563
5407 512806
5408 514459
5409 518251
5410 518703
5411 519839
5412 492149
5413 493648
5414 498082
5415 499495
5416 503205
5417 504162
5418 519340
5419 522879
5420 523285
5421 524005
5422 524136
5423 524206
5424 510835
5425 510928
5426 515623
5427 515675
5428 520512
5429 524718
5430 522775
5431 523243
5432 524538
5433 526422
5434 526651
5435 529669
5436 496327
5437 496871
5438 498548
5439 502718
5440 502874
5441 506900
5442 523839
5443 526708
5444 527737
5445 528748
5446 529701
5447 530110
5448 531748
5449 533702
5450 534702
5451 536048
5452 536499
5453 544439
5454 494967
5455 501356
5456 501855
5457 502010
5458 502089
5459 503158
5460 507496
5461 508883
5462 512256
5463 515666
5464 518219
5465 518290
5466 506181
5467 508027
5468 508936
5469 512122
5470 514586
5471 521440
5472 486505
5473 487651
5474 487926
5475 488728
5476 490242
5477 490963
5478 480091
5479 484381
5480 485243
5481 487787
5482 493556
5483 493751
5484 579640
5485 580681
5486 584333
5487 584996
5488 585605
5489 586265
5490 518826
5491 519198
5492 519348
5493 520042
5494 521728
5495 527202
5496 533510
5497 537533
5498 541186
5499 541582
5500 543771
5501 545365
5502 539990
5503 544073
5504 544196
5505 544844
5506 550186
5507 551700
5508 514137
5509 515597
5510 515641
5511 515942
5512 518681
5513 519736
5514 466706
5515 469879
5516 473653
5517 473931
5518 473953
5519 478140
5520 463533
5521 464006
5522 464066
5523 465277
5524 465329
5525 469524
5526 513706
5527 515712
5528 521781
5529 524083
5530 524297
5531 530841
5532 564474
5533 564682
5534 573188
5535 573354
5536 576549
5537 579329
5538 519776
5539 522226
5540 522684
5541 526136
5542 526844
5543 532828
5544 490467
5545 491141
5546 493738
5547 494777
5548 495024
5549 495105
5550 537146
5551 537999
5552 538081
5553 539124
5554 540407
5555 543649
5556 508085
5557 508723
5558 511379
5559 513145
5560 516635
5561 521812
5562 512365
5563 517887
5564 518067
5565 519587
5566 524046
5567 524334
5568 548676
5569 548688
5570 551112
5571 551255
5572 551381
5573 557678
5574 483687
5575 487906
5576 488701
5577 488774
5578 489560
5579 491843
5580 484236
5581 486394
5582 487783
5583 493828
5584 494526
5585 495184
5586 570514
5587 571835
5588 573121
5589 574007
5590 576143
5591 576351
5592 506474
5593 510280
5594 510370
5595 511275
5596 511654
5597 520090
5598 508870
5599 512218
5600 512347
5601 512752
5602 514719
5603 518595
5604 570133
5605 574750
5606 575716
5607 576278
5608 577568
5609 582301
5610 486972
5611 491925
5612 492586
5613 493848
5614 494716
5615 498136
5616 563377
5617 565052
5618 565586
5619 566351
5620 569052
5621 574390
5622 492559
5623 497419
5624 497694
5625 498184
5626 500800
5627 505338
5628 538964
5629 542835
5630 544474
5631 545040
5632 549804
5633 550638
5634 556979
5635 559447
5636 561377
5637 564508
5638 565220
5639 565628
5640 513840
5641 515950
5642 516962
5643 518155
5644 522138
5645 522332
5646 509880
5647 513271
5648 516787
5649 519136
5650 519329
5651 519641
5652 452594
5653 454175
5654 455299
5655 455641
5656 455672
5657 455827
5658 492875
5659 496614
5660 497455
5661 500565
5662 502281
5663 502555
5664 552152
5665 554785
5666 554931
5667 555622
5668 555703
5669 562896
5670 485460
5671 491003
5672 493642
5673 494215
5674 495616
5675 496652
5676 492235
5677 494955
5678 495085
5679 495855
5680 495984
5681 498304
5682 526294
5683 530422
5684 530905
5685 533934
5686 536130
5687 536408
5688 470702
5689 472125
5690 472477
5691 474290
5692 475843
5693 481625
5694 536136
5695 536303
5696 536711
5697 537104
5698 538279
5699 538707
5700 525428
5701 525894
5702 526568
5703 526886
5704 527199
5705 527750
5706 510872
5707 516301
5708 517440
5709 518636
5710 519009
5711 519406
5712 484265
5713 487873
5714 492074
5715 498223
5716 498687
5717 498927
5718 520091
5719 524825
5720 525386
5721 526748
5722 529872
5723 530481
5724 503793
5725 507937
5726 508287
5727 508969
5728 510922
5729 514537
5730 527892
5731 533395
5732 533872
5733 535441
5734 537563
5735 541046
5736 460592
5737 461371
5738 461514
5739 462058
5740 464335
5741 464631
5742 477837
5743 483124
5744 483172
5745 486138
5746 487246
5747 490034
5748 514177
5749 515452
5750 518612
5751 519370
5752 519504
5753 522779
5754 527879
5755 528406
5756 528565
5757 530353
5758 530953
5759 532353
5760 528659
5761 528981
5762 530399
5763 532722
5764 534772
5765 535741
5766 548711
5767 550277
5768 550802
5769 552818
5770 554994
5771 555799
5772 511411
5773 512273
5774 513303
5775 514637
5776 515407
5777 518151
5778 477359
5779 479711
5780 484455
5781 485026
5782 485973
5783 491394
5784 547301
5785 548834
5786 549970
5787 551731
5788 553136
5789 554154
5790 482608
5791 486009
5792 486170
5793 486207
5794 486537
5795 487485
5796 472402
5797 475510
5798 477012
5799 478205
5800 480196
5801 481618
5802 493643
5803 496287
5804 497297
5805 499601
5806 501171
5807 505061
5808 512676
5809 513370
5810 514227
5811 514375
5812 515943
5813 517650
5814 519274
5815 519747
5816 521389
5817 521406
5818 523223
5819 529256
5820 512777
5821 515692
5822 517425
5823 517664
5824 521186
5825 522454
5826 481096
5827 484180
5828 486714
5829 489285
5830 489731
5831 493641
5832 462273
5833 467645
5834 468526
5835 468902
5836 468976
5837 470870
5838 550432
5839 552959
5840 553376
5841 556636
5842 559973
5843 563971
5844 489747
5845 491861
5846 492883
5847 495444
5848 495727
5849 497266
5850 520367
5851 521684
5852 525017
5853 525258
5854 525838
5855 526640
5856 467273
5857 469269
5858 469760
5859 471385
5860 471663
5861 475540
5862 462167
5863 466056
5864 466482
5865 468615
5866 471064
5867 471792
5868 476815
5869 477088
5870 478255
5871 481792
5872 482759
5873 487268
5874 446306
5875 446536
5876 450853
5877 450862
5878 453158
5879 454350
5880 488049
5881 493210
5882 495643
5883 496083
5884 496855
5885 501472
5886 519811
5887 524256
5888 525434
5889 525453
5890 529273
5891 531397
5892 500892
5893 505352
5894 506988
5895 508842
5896 510365
5897 512620
5898 525691
5899 527582
5900 528243
5901 533190
5902 533678
5903 534771
5904 480640
5905 486492
5906 487685
5907 488493
5908 488714
5909 495513
5910 488090
5911 489317
5912 490522
5913 491101
5914 493890
5915 494860
5916 511069
5917 514238
5918 514845
5919 516256
5920 518501
5921 522478
5922 493659
5923 495022
5924 495409
5925 496796
5926 497901
5927 500130
5928 488542
5929 495766
5930 495910
5931 495989
5932 497819
5933 503869
5934 503217
5935 503321
5936 503983
5937 508515
5938 510333
5939 510494
5940 514051
5941 514451
5942 515079
5943 517073
5944 521344
5945 525941
5946 540491
5947 544006
5948 546596
5949 546865
5950 554571
5951 554919
5952 484605
5953 487510
5954 491184
5955 493207
5956 493663
5957 497637
5958 520181
5959 524317
5960 526053
5961 527235
5962 530405
5963 532221
5964 496594
5965 496778
5966 501668
5967 502959
5968 503231
5969 503787
5970 494528
5971 494978
5972 499973
5973 500785
5974 502083
5975 503273
5976 463946
5977 468796
5978 470078
5979 473144
5980 474752
5981 477328
5982 424262
5983 425599
5984 428054
5985 428304
5986 428949
5987 430165
5988 478257
5989 480856
5990 484059
5991 484098
5992 487164
5993 487198
5994 484902
5995 490448
5996 491568
5997 492166
5998 494506
5999 499115
