3 488497
9 556377
12 536401
17 461143
23 524143
29 550891
34 533270
36 533219
42 533700
46 496764
51 475993
58 578149
64 540254
66 481810
72 576866
76 520953
83 508065
86 483050
91 475736
98 448119
102 485663
108 512994
113 502212
119 454504
122 540219
127 492827
131 574789
135 499031
142 558203
146 514008
153 496461
155 540068
161 461116
168 532926
172 583183
176 502680
183 532908
185 519038
191 535797
195 491455
202 531952
207 502229
212 490371
216 498246
221 507017
226 555061
233 517816
236 492138
240 508842
246 514794
254 541950
255 479255
260 485392
265 527832
273 534552
275 513555
283 530218
286 515727
290 512389
298 487429
301 496166
308 572688
312 494514
317 525633
321 502275
328 514249
332 531956
336 577256
342 560904
348 525079
351 522542
359 517600
362 577225
365 492494
371 465572
378 487470
380 534897
387 523789
390 475372
398 517522
400 494861
407 507981
412 518430
417 517937
423 444472
426 548329
432 544969
438 562049
442 437494
447 506101
451 573316
455 517153
462 473228
468 518236
471 491643
478 547892
483 496216
486 543223
492 444768
498 531582
501 433392
508 485128
511 479529
519 485124
520 472900
527 493074
532 526484
537 556328
541 488401
547 539635
551 587569
558 521681
561 500408
567 509021
573 537160
576 452176
582 541938
587 507203
591 549340
596 472053
602 506418
607 561253
614 570853
617 509774
622 509477
627 469867
631 465097
636 517630
642 510557
648 496402
654 536335
656 475764
660 464302
666 536642
672 465270
678 526439
681 533302
688 538299
691 523857
696 455800
702 478392
706 468222
714 519357
716 545282
723 523707
727 475339
731 545602
735 504110
743 569509
748 502297
752 540403
758 532955
762 499163
767 465063
772 531108
778 522448
782 539776
789 523834
793 520723
797 494842
801 444975
806 500247
812 531491
816 531917
822 523263
828 550530
830 448532
836 525547
841 502299
846 513629
851 466216
857 436761
862 482029
868 497003
871 509899
877 507928
881 499064
885 483075
892 501585
896 558317
903 451509
907 533165
912 501757
916 551117
923 508740
927 491793
933 478148
938 471265
944 552082
947 556104
952 516188
957 467659
961 515091
968 518126
973 500642
978 552732
982 521042
987 500984
994 521361
999 517307
1003 567798
1008 496928
1013 515526
1017 509883
1023 537236
1026 504146
1030 471159
1037 504002
1042 486752
1046 512930
1053 502045
1056 488920
1062 520874
1068 490508
1071 466150
1077 462783
1083 479303
558 521681
1091 469135
1097 539942
1101 492485
1106 462717
1113 471612
1118 469835
1122 506387
1128 462264
1131 488779
1136 540891
1142 507473
1146 487274
1153 535627
1158 554972
1161 573066
1167 504223
1171 482458
1178 477773
1182 497845
1186 513824
1192 529472
1197 480072
1204 536986
1206 537581
1213 536655
1217 479067
1222 472108
1228 503691
1232 513051
1237 534370
1243 520969
1247 459755
1253 501764
1256 499589
1263 578074
1268 539084
1272 520745
1279 514844
1281 476037
1286 532911
1293 514047
1296 478114
1303 502525
1307 546951
1312 492363
1316 474317
1320 491227
1326 477759
1333 493794
1336 504463
1343 505185
1348 511331
1353 538019
1357 499072
1361 463234
1367 455067
1373 405421
1377 497178
1383 521250
1387 477518
1394 477672
1397 472905
1403 550266
1406 502847
1411 504968
1417 506906
1421 557153
1427 454779
1432 456353
1437 536620
1443 468588
1446 464816
1452 541067
1456 496126
1463 502201
1467 509562
1471 555559
1476 500772
1481 496057
1489 518132
1493 527712
1498 487412
1502 531052
1506 484930
1511 446709
1516 502155
1522 514181
1527 529820
1531 496966
1536 442406
1542 526815
1548 532001
1553 476036
1558 557312
1564 530986
1567 503732
1574 537789
1578 522056
1584 535042
1585 459439
1592 478942
1598 545714
1602 471377
1606 493793
1611 547494
1617 547722
1623 505846
1626 499516
1631 519876
1638 579946
1642 526218
219 503714
1652 500885
1657 505697
1662 486466
893 508494
1672 528179
1678 412423
1683 500736
1687 552654
1691 477541
1697 530799
1703 518757
1707 531920
1712 525911
1716 511555
1723 482416
1727 462420
1732 511951
1737 478290
1741 529861
1747 498927
1754 541009
1756 502832
1761 489736
1766 498834
1771 482709
1775 527134
1783 575812
1787 472601
1792 475929
1798 471875
1802 466448
1808 493254
1812 490941
1816 509866
1823 506778
1826 520058
1831 457357
1836 502993
1841 471077
1846 473277
1850 555174
1857 483567
1864 462860
1867 554127
1873 484877
1875 527410
1881 510090
1887 553343
1892 423202
1897 476148
1901 501846
1907 468963
1914 544101
1916 530105
1922 582770
1928 505402
1931 552452
1936 529379
1941 541712
1946 547728
28 550404
1959 501859
1962 507194
1967 559879
1971 520765
1979 530044
1981 501005
1988 514016
1990 490628
1997 490020
2004 478971
2007 529537
2012 512848
2017 524601
2022 483734
2029 496006
2030 501058
2037 566042
2042 558377
2045 531896
2051 486686
2057 479954
2060 482454
2066 497855
2071 502017
2077 519041
2082 547255
2086 484297
2093 560164
2098 513064
2101 500186
2106 474292
2110 496919
2117 474110
2123 511757
2127 500270
2132 544161
2138 542899
2141 400223
2146 523348
2152 537279
2156 497050
515 481382
2168 517404
2171 474772
2178 454387
2181 437529
2187 549664
2192 542804
2197 523863
2202 573275
2207 465115
2212 501136
2215 502083
2221 527105
2228 547161
2232 517110
2238 469233
2241 531960
2248 489212
2253 425989
177 503872
2263 527790
2267 486931
2272 565689
2277 479274
2282 506436
756 527626
2291 508955
2297 525055
2302 517289
2307 569899
2313 485497
2316 544447
2323 496160
2326 524944
2331 530874
2338 513500
2342 480311
2348 527890
2350 498768
2356 543439
950 513143
2365 476573
2371 475146
2375 541520
2382 535259
2388 508354
2391 492205
2398 553747
2402 535237
2406 512885
2411 570567
2418 481581
2423 500472
2426 459392
2431 515533
2438 494750
2442 506632
2447 450565
2451 452824
2456 464858
2461 478854
2465 465841
2471 497740
2477 483186
2481 557316
2486 490014
2490 510325
2497 499127
2502 488703
2506 516226
2511 482053
2516 452072
2522 520758
2527 488948
2532 486824
2537 503504
2542 505176
2547 512944
2550 485155
2558 459833
2562 505362
2567 564248
2572 524761
2578 546025
2582 523150
2587 513727
2592 550265
2596 481650
2603 498642
2607 494396
2612 492731
1123 509799
2622 570416
2627 526122
2633 493635
2636 491147
2643 565624
2647 519783
2653 505005
2656 510089
2660 473346
2666 511617
2671 424191
2679 505579
2684 551545
2687 515239
340 555548
2698 568999
2700 457265
2707 489111
2712 540084
2716 486966
2722 511993
2727 502430
2731 508279
2738 549531
2741 566492
2748 552513
2751 476520
2757 467111
2762 476526
2767 451101
2772 517001
2777 575739
2783 541190
2788 555373
2791 467630
2796 551672
2802 549765
2806 480600
2811 505972
2817 525380
2821 507409
2825 504764
2832 501393
1722 481811
2842 522633
2848 484012
2852 536231
2856 486058
2861 519665
2867 453124
2871 446521
2879 547523
2880 515391
2886 500788
2890 524120
2898 517701
2901 502566
2908 483560
2911 537570
2918 528648
2920 434665
2926 498446
2932 457925
2935 508594
2942 531388
2946 445944
2951 482520
2958 561282
2962 496685
2967 497736
2971 504733
2976 471597
2983 510062
2988 502811
2993 467391
2998 549850
2334 539587
3009 551143
3012 557900
3018 558308
3021 463216
3028 498054
1807 491296
3037 510291
3043 533035
3048 511142
3052 503971
3057 493129
3063 528344
3068 554330
3072 516635
3077 542629
3082 483979
3087 502729
3093 515295
3097 462156
3100 452330
3106 508085
3113 496434
3118 507938
3122 541466
3128 515104
3131 462013
3137 539058
3143 482615
3148 495482
3153 508345
3157 538617
3162 529829
3167 510087
3172 566242
3177 459617
3182 501801
3187 522138
3191 505661
3195 540777
3201 485010
3207 513909
3211 516634
2067 501203
3223 518741
3227 550492
3232 556236
3237 521083
3242 558208
3246 533569
3252 467171
3256 469325
3261 494929
3269 555096
3270 534732
996 512436
3282 530062
3288 489068
3294 515185
3296 463419
3302 532900
3306 564196
3311 504177
3315 500701
3320 498907
3325 493628
3331 484468
3339 528601
3340 475956
3347 484912
3352 478359
3357 488659
3362 545259
3366 509606
3371 543546
3378 516865
3382 477340
3385 497480
3391 463146
3397 583795
3404 575900
3408 479204
3412 532582
3417 503148
3422 580095
3428 517687
3431 538583
3437 487928
3442 525923
3447 514124
3454 487609
3456 489090
3463 483600
3468 468556
3470 508336
3477 454257
3482 494433
3487 504767
3491 542571
3498 518311
3501 497735
3506 487194
3511 527902
3517 474382
3522 464322
3527 545330
3533 508651
3537 498763
3541 526472
3546 531149
3553 535789
3558 503907
3561 507758
3566 508768
3571 452005
3576 487244
3581 464356
3585 544207
3593 492600
3596 512823
3601 500176
3607 526385
3612 499288
3616 544396
3621 559371
3628 469411
2973 507509
3638 505631
3642 520903
3646 463775
3651 484333
3657 462857
3660 535157
3669 511034
3674 532070
3675 512488
3682 502636
3685 469061
3693 532351
3697 497400
3701 539583
3708 520814
3712 548075
3715 473103
3722 531754
3728 540722
3731 477417
3737 481305
3741 534699
3747 559106
1835 499993
3756 447402
3762 448454
3766 471756
3771 561865
3776 500398
3783 545267
3787 484993
3791 524922
3796 459738
3803 543136
3807 425678
3812 502958
383 537902
3821 552419
3826 498128
3831 538139
3836 494513
3842 461483
3847 529450
3853 445051
3856 518868
3863 503764
3865 556987
3871 525854
3878 480594
3881 507070
3886 537086
3893 566513
3896 564341
3902 477069
3907 522815
3913 522366
3916 484791
3922 555916
3928 491742
3930 502716
866 495428
3943 530772
3946 537410
3953 497472
3957 525394
3961 459455
3967 550117
3972 541085
3870 521014
3980 504370
3985 450911
3991 520237
3997 505181
4003 547709
4006 488508
4012 515310
4018 522866
4023 559485
4025 529256
4033 528414
4036 508063
4040 471195
4046 540575
4052 487326
4057 530860
4062 543373
4067 530548
4072 517082
4075 492254
4083 562527
4086 501784
4092 562706
4097 515062
4101 553363
4108 526903
4111 516255
4117 479437
4124 510767
4128 480874
4133 539410
4137 462557
4140 412530
4145 488610
4150 512605
4157 512094
4162 535778
4168 482362
3433 539852
4176 498715
4181 505613
4186 469816
4193 506243
4198 508491
4202 536881
2364 518536
4212 544813
4217 510341
4221 499843
4227 569701
4231 491691
4236 473471
4242 546627
4247 529283
4251 487099
4257 509279
4262 471607
4265 539469
4272 491252
4278 474852
4281 445472
4286 446279
4292 497000
4299 499659
4302 540664
4306 486846
4311 485075
4317 556071
4322 482791
4327 522164
4330 494555
4338 531316
4340 519968
4348 476145
4351 458563
4356 544479
4362 559612
4367 506115
4374 507092
864 483317
4381 455207
4387 471208
4392 518847
4396 501887
4401 513132
4407 483094
4412 544768
4419 524894
4421 523235
4427 454979
4431 486244
4436 534921
4441 517556
4448 497365
4452 440224
4457 520094
4461 455459
4469 519391
4470 489748
4479 536110
4483 531309
4486 538238
4491 508133
4497 545762
4501 497544
4507 483166
4512 466863
3759 453704
4521 474001
4528 486130
4531 471659
4536 490697
4543 450469
4546 508791
4553 462969
4556 455013
4561 464645
4568 493083
4572 476660
4577 474225
4582 538377
4586 528858
4590 489821
4598 470315
4602 503044
4608 558263
2548 515465
4618 532359
4620 512143
4629 486108
4632 514916
4636 506131
4643 517938
4645 559598
4653 555130
4658 509908
4662 500869
4666 531295
4672 507732
4677 474948
4682 497618
4687 514629
4692 517422
4019 530700
4703 545107
4706 500236
4711 419783
4717 541873
4721 493249
4726 412543
4731 528115
4736 512892
4742 490937
4747 515505
4751 458236
4757 503728
4761 505258
4766 515967
4771 470419
4777 510414
4782 486996
4787 546880
4792 519820
4798 488742
518 484102
4809 485883
4811 510132
4816 495601
4823 439321
4826 522274
4832 499651
4837 497063
4841 462553
2537 503504
4853 604411
4855 490096
4862 512952
4866 517590
4870 480901
4876 554686
4883 479753
4887 531553
4891 465930
4899 507410
412 518430
4907 544006
4912 497355
4917 512764
4922 513378
4927 506645
4932 542502
4936 465526
4940 528321
4946 528285
4952 456269
4956 549696
4962 502230
4967 512354
4971 505208
4978 489634
4983 581822
4986 489973
4993 513339
4996 514875
