2 498328
6 503667
9 431791
12 460200
17 502693
21 481926
25 520647
30 540684
33 554674
37 512238
40 492006
45 487243
49 515635
52 448186
58 509203
62 482223
66 458373
70 504769
72 586810
76 581121
83 484886
84 494756
89 534144
94 488418
97 478923
102 437715
105 489057
110 476075
114 519030
119 552933
122 532393
126 527452
130 530434
135 470992
136 526768
141 506327
145 571621
150 485920
153 477203
159 503851
161 466030
165 510400
170 558096
172 485147
177 507101
181 547981
185 546142
190 505099
193 506458
198 466525
201 469275
206 463324
210 501107
212 532674
219 514223
221 495841
226 477772
230 508232
232 517795
238 551255
240 501008
244 539290
248 471290
252 539454
257 497836
262 448298
265 473351
269 535305
274 511005
278 473972
283 472130
286 490565
289 464276
293 492607
297 517228
301 527093
307 536287
309 509419
312 444956
317 471611
321 446783
326 520517
328 533716
333 552417
337 490451
341 489777
345 543021
350 542554
353 444990
356 514498
362 476687
364 490959
370 508622
375 477380
378 481046
383 518878
385 526261
391 543798
392 533540
396 499341
401 499413
407 462526
410 522419
415 539298
417 477949
421 523515
424 462835
428 444415
433 483461
438 490729
441 537022
445 453525
449 501317
453 491978
458 527334
463 533722
467 504045
470 538526
473 494977
477 480153
480 488123
486 528249
489 506586
494 544072
496 482893
502 523487
505 477485
510 503531
514 467209
516 542283
521 510584
524 512743
529 508318
534 505077
537 522142
541 468230
546 508644
265 473351
553 489147
556 484638
561 485256
564 491024
570 546779
574 515090
578 486472
582 502666
586 560936
589 537230
594 512195
599 511572
600 484312
605 475847
609 492014
614 486151
618 561196
621 464180
625 569900
628 476918
634 484613
638 527976
641 508452
645 501745
651 554415
653 548448
657 449951
660 489503
665 539106
670 535817
675 505436
677 542593
681 480984
686 506790
689 505590
692 549725
697 547595
702 476236
704 516459
710 565895
713 492941
717 468998
722 578567
725 418965
729 479438
732 530473
737 497068
740 482592
745 461307
749 495631
752 473203
757 512035
761 537947
766 530864
769 517703
774 561300
779 508545
783 476534
785 503235
789 435847
792 480932
798 550273
801 492900
806 511191
810 524855
813 522269
819 526521
820 529926
825 543290
830 471309
832 553663
837 497508
841 484767
846 591402
850 578573
853 491300
857 544400
860 491008
865 505163
870 548506
873 515374
876 471851
880 479421
886 468573
890 502192
893 530491
897 461539
901 485223
904 489695
909 555514
913 488410
916 521851
922 538857
926 501959
928 456756
934 538723
937 544035
942 481275
945 509691
951 527292
955 481016
958 542096
961 496500
965 531301
969 519990
973 537916
977 569457
982 509151
985 505331
989 481132
993 535795
997 532675
1002 547679
1006 527661
1008 448939
1013 495627
1018 563822
1022 526896
1026 525863
1029 509580
1034 497993
1039 526958
1040 494067
1045 484974
1049 497664
1053 518181
1057 531895
1060 519549
1064 565160
1068 492378
1074 574120
1077 453905
1080 517679
1085 497791
1091 480834
1092 507882
1097 503094
1101 520119
1106 503126
1110 519961
1114 495336
1117 516896
1122 515671
1125 490381
1130 488930
1133 530154
1138 494018
1140 524831
1145 523100
1150 505359
1154 476968
1158 450587
1163 505817
1165 487486
1168 526320
1174 519160
1178 509988
1180 523835
1186 509590
1190 497339
1192 534629
1198 526981
1203 511517
1207 489485
1208 488672
1212 522616
1217 494705
1222 496759
1225 556189
1229 481150
1234 520475
1236 492505
1242 477637
1245 521285
1249 480872
1252 497636
1257 437778
1260 478005
1266 530915
1268 481634
1272 492975
1279 513767
1282 521678
1286 512952
1290 533652
1293 470489
803 498642
1303 538091
1305 490862
1308 518681
1313 551988
1316 521991
1322 535996
1324 506251
1331 503741
1332 549137
1339 493794
1340 477610
1345 506863
1348 548909
1352 488775
1356 522334
1361 515889
1367 526136
1370 518586
1374 470549
1376 507792
1380 479727
1385 502312
1390 443316
1392 515281
1398 564411
1402 530076
1405 519933
1410 535358
1413 523823
1417 456624
1423 548604
1426 510411
1428 523808
1433 492954
1436 506179
1440 498477
1446 465965
1449 470377
1452 475447
1459 518059
1460 455773
1465 477190
1077 453905
1474 507779
1478 489797
1481 471517
1485 529255
1489 533228
1494 524237
1496 505016
1502 522744
1505 508209
1509 505195
1513 494114
1519 575733
1520 537256
1525 409206
1530 488003
1532 477613
1536 510345
1542 547103
1545 543958
1548 465812
1553 471684
1558 495502
1561 517971
1564 475457
1569 482815
1573 520525
1576 467622
1580 529073
1585 488683
1589 565258
1594 553635
1596 491127
1600 466119
1605 530969
1609 507568
1613 500119
1617 513117
1621 521831
1625 479811
1629 480963
1633 560170
1638 518182
1641 526766
1645 463303
1649 448887
1653 457926
1658 521333
1661 525619
1667 508155
1670 468534
1674 567089
1677 483365
1681 508048
1686 558900
1690 556723
1694 471267
1697 512964
1703 547353
1706 473618
1709 481643
1712 470926
1718 581353
1721 500113
1724 493509
1728 495139
1734 465319
1737 462537
1741 554696
1746 490957
1749 521653
1753 518717
1759 479600
1762 513516
1767 536934
1769 503403
1774 510976
1779 534473
1782 509233
1785 503495
1789 446768
1794 531278
1797 492791
1802 570699
1804 503785
1811 463764
1814 500322
1816 444484
1821 495311
1827 541422
1829 562728
1834 515981
1837 474188
1842 489536
1847 509928
1848 483643
1853 519453
1858 490825
1860 490430
1866 451525
1869 521657
1874 463358
1878 475883
1883 497766
1886 562213
1889 436394
1894 542236
1898 472937
1901 426498
1905 487332
638 527976
1914 558647
1917 501791
1921 471979
1926 541057
1931 504617
1226 556657
1939 502876
1942 577036
1946 471133
1950 502303
1953 501501
1957 527311
1962 498357
1966 532260
1970 499366
1973 489211
1978 553782
1982 474018
1985 523401
1991 515046
1993 505396
1996 552109
2001 485738
2006 483432
2010 542962
2013 534779
2018 490499
2022 476084
2025 478432
2029 553199
2033 491449
2038 453000
2041 508189
2046 519877
2050 518124
2052 553246
2059 452853
2062 529365
2066 492840
2071 474892
2073 519666
2076 519295
2081 481062
2085 505411
2090 547430
2093 547010
2096 506156
2101 491292
2105 546583
2109 482457
2113 465177
2118 527968
2122 474570
2126 527331
2129 531019
2133 477292
2137 513208
2141 512426
2145 499345
2150 501078
2153 519253
2159 536064
2160 551770
2165 546878
2170 551450
2173 498512
2178 580931
2181 492167
2185 483476
2189 527540
2194 475855
2198 467803
2203 578680
2204 499131
2208 465318
2213 502697
2217 465948
2222 518861
2224 505038
2228 565381
2233 489783
2238 574278
2242 548128
117 545724
2249 490964
2253 534105
2256 498399
2262 511070
2267 495911
2270 554543
2274 492224
2278 553056
2280 475037
2286 492434
2289 484453
2294 538546
2298 499795
2301 489862
2305 535956
2309 447746
2314 506910
2319 528345
2322 491180
2325 506896
2330 484729
2334 513060
2338 567570
2341 513468
2346 473028
2350 491066
2352 484206
2358 530027
2362 468141
2366 510786
2370 551083
2374 530867
2377 507679
2381 550842
2385 432782
2388 524563
2393 512302
2398 553706
2400 444069
2406 543054
2409 469664
2414 531159
2417 510726
2421 554508
2426 481941
2428 404193
2434 591306
2438 535010
2441 500253
2445 438760
2448 497641
2454 532065
2456 470364
2460 509012
2466 530157
2470 538666
2474 534295
2479 526166
2480 495229
2485 530692
2488 562001
2494 475188
2497 486116
2502 497711
2506 487016
2510 431223
2515 527719
2517 489801
2522 513096
2525 486642
2528 483084
2534 528921
2537 486614
2542 474223
2545 522228
2550 454853
2553 547896
2557 532279
2560 476264
468 535065
2570 482727
2575 526795
2578 545948
1904 486552
2585 510303
2588 481597
2595 501630
2597 521017
2602 551940
2605 460585
2611 468656
2613 520734
2617 518995
2621 481099
2626 439491
2629 490346
2634 496734
2637 515742
2641 513874
2646 527070
2650 499921
2653 538512
2657 526496
2662 506449
2665 570442
2670 483401
2674 541353
2678 531599
2682 502586
2685 507655
2690 538926
2693 563828
2697 513900
2702 493148
2705 535606
2709 478455
2715 468425
2718 529590
2722 509834
2725 474613
2729 558281
2733 488499
2738 549466
2742 462985
2744 456589
2750 483178
2754 518305
2757 556443
2761 516437
2767 486760
600 484312
2773 470219
2778 469038
2781 498804
2784 503370
2789 491018
2793 581522
2798 464291
2802 515327
2806 498336
2810 492322
2814 501334
2818 566619
2821 506004
2824 506763
2829 524649
2833 530261
2838 472327
2841 520343
2844 448561
2848 458527
2853 493252
2857 507552
2862 462469
2864 511924
2869 543737
2873 480660
2876 532333
2881 542172
2886 522614
2888 521714
2894 522576
2898 528906
2900 575744
2905 529168
2911 508298
2914 476744
2918 478097
2923 526692
2926 544706
2930 481491
2934 492668
2937 517819
2942 507332
2946 547910
2950 500815
2954 491060
2957 513578
2962 538424
2965 484588
2970 539371
2974 488345
2976 564997
2980 503559
2985 486973
2989 544967
2993 543932
2997 539260
3002 529767
3007 526074
3008 549483
3014 426857
3019 514154
3021 515144
3025 511402
3030 529028
3033 529666
3038 515768
3043 528230
3047 473598
3050 536300
3052 498017
2751 484623
3061 523065
3065 513364
3068 486475
3073 491517
3079 546741
3082 512482
3085 539533
398 502977
3094 495352
3098 570941
3101 474700
3105 504294
3109 562758
3114 606162
3117 490686
3121 543036
3124 497053
484 524357
3135 554476
3137 514926
3142 529317
3145 493807
3150 504858
3154 532359
3159 530262
3161 494764
3166 555545
3169 505058
3173 520255
3178 481629
3181 514543
3185 488927
3188 451766
3193 422837
3197 515626
3201 445963
3206 578670
3208 481822
3214 501028
3217 542114
3223 492747
3227 510011
3230 503447
3233 540061
3237 460343
3241 460960
3245 459287
3251 432954
3252 486512
3258 563136
3260 533490
3264 538754
3270 476412
3272 450560
3278 466796
3280 473493
3286 560277
3290 555540
3294 508706
3298 499794
3302 507680
3306 506892
3309 507383
3314 532094
3318 458971
3323 472458
3325 544340
3329 492022
3332 553976
3337 470345
3341 508374
3345 523874
3350 476793
3354 533904
3359 543706
3361 484477
3365 495522
3370 494390
3375 502170
3378 485148
3381 497938
3386 482816
3388 553498
3393 554196
3397 457244
3402 551023
3407 558037
3411 534520
3412 576641
3417 466341
3421 558564
3425 469323
3429 580217
3432 478936
3436 601386
3443 507116
3445 488955
3450 496897
3452 524568
3458 446675
3463 516743
3465 551493
3470 482426
3474 463700
3477 456164
3482 542316
3486 528620
3488 479662
3492 533582
3498 511746
3501 500499
2642 515071
3509 546971
3514 529661
3518 481811
3521 464385
3525 527134
3528 521240
3534 516533
3538 513262
3541 490253
3544 549863
773 559462
3553 504412
3557 524691
3561 489597
3565 524487
3569 478430
3573 492438
3576 505693
3582 492272
3585 517737
3590 496222
3593 478118
3597 464503
3601 506103
3605 505855
3609 493050
2663 510140
3618 489265
3621 524834
3626 503367
3629 521212
3633 468096
3638 472673
3641 539545
3644 564557
3649 493133
3653 474351
3656 518551
3662 488132
3665 497407
3670 479012
3672 497917
3677 509907
3681 421135
3685 513780
3690 526848
3692 480118
3699 520552
3701 489510
3706 524328
3710 489865
3714 462793
3716 511485
3720 544559
3727 527169
3729 473524
3733 479522
3738 547542
3741 545905
3744 542401
3749 577384
3753 473882
3757 529730
3761 542814
3765 508132
3768 520257
3772 522989
3776 507974
3782 510433
3784 512279
3788 454412
3792 444515
3797 485253
3801 560848
3805 550767
3810 497373
3814 461630
3817 510447
3821 506092
3825 503168
3830 496332
3834 496552
3837 496989
3841 507267
3845 529777
3850 512225
3852 431345
3856 490660
3861 558601
3866 436819
3869 517100
3875 534540
3878 542676
3881 477982
3885 530063
3890 531879
3893 500679
3897 537286
3901 509256
3905 524856
3910 514718
3913 503707
3912 503394
3921 494827
3926 571846
3930 558457
3935 571760
3939 497103
3942 455869
3944 512509
3949 515426
3954 400352
3958 459091
3961 482843
3964 503211
3969 512924
3975 523145
3977 511990
3982 487076
3987 528109
3991 476870
3992 464171
3997 483831
