0 490262
1 491652
2 494637
3 473074
4 472848
5 471638
6 475166
7 479665
8 481834
9 486326
10 489549
11 491231
12 461680
13 461802
14 468764
15 558472
16 561679
17 564933
18 518057
19 518082
20 519839
21 514987
22 518601
23 518868
24 475194
25 475704
26 479381
27 515356
28 518763
29 523233
30 543373
31 546305
32 547829
33 520257
34 526674
35 531343
36 480104
37 481122
38 481228
39 511325
40 513808
41 514295
42 496108
43 497500
44 503354
45 482222
46 487788
47 489241
48 541738
49 544359
50 549671
51 538079
52 543739
53 545610
54 485706
55 489383
56 494633
57 487264
58 492909
59 494680
60 460925
61 466051
62 472877
63 489393
64 489645
65 489781
66 498261
67 503696
68 505417
69 548937
70 554378
71 557611
72 447797
73 448429
74 450048
75 516104
76 517175
77 517740
78 502404
79 505298
80 505986
81 473289
82 473478
83 476512
84 527620
85 528119
86 533087
87 514761
88 518962
89 523443
90 534692
91 537180
92 539544
93 529747
94 532162
95 537145
96 536926
97 540546
98 545802
99 481386
100 483666
101 484622
102 491142
103 493350
104 496379
105 521296
106 521993
107 523083
108 520717
109 523034
110 525425
111 507530
112 510123
113 512737
114 551026
115 558045
116 558303
117 546403
118 550374
119 552963
120 448839
121 449440
122 456870
123 491406
124 492192
125 495112
126 484071
127 486787
128 490212
129 521484
130 524156
131 529209
132 519883
133 525887
134 529563
135 474458
136 474640
137 477239
138 505549
139 513920
140 518434
141 498818
142 499278
143 502679
144 482547
145 488680
146 488797
147 577642
148 578566
149 581481
150 518821
151 518996
152 524250
153 504131
154 509249
155 512154
156 479544
157 480655
158 486390
159 445373
160 449060
161 451291
162 526084
163 526583
164 530774
165 468457
166 469317
167 472835
168 461291
169 463364
170 469856
171 506265
172 508487
173 513754
174 431474
175 432053
176 432287
177 482257
178 484775
179 492277
180 519607
181 522169
182 526398
183 497077
184 503536
185 505073
186 469517
187 477446
188 479096
189 549220
190 554746
191 559196
192 557914
193 558173
194 558673
195 535157
196 536705
197 540382
198 545222
199 547865
200 548896
201 561229
202 562578
203 565324
204 484922
205 487829
206 490604
207 497601
208 505510
209 514554
210 583892
211 586286
212 589921
213 527807
214 529904
215 531661
216 526193
217 532534
218 537265
219 505232
220 509840
221 511952
222 507201
223 507859
224 511674
225 466095
226 467151
227 470853
228 493482
229 497835
230 499716
231 530985
232 534375
233 535381
234 509712
235 511329
236 514634
237 451165
238 452129
239 453750
240 526030
241 529974
242 531163
243 539676
244 542895
245 543062
246 523988
247 526768
248 527662
249 503433
250 505231
251 508557
252 538027
253 540101
254 541071
255 476582
256 478874
257 481495
258 510797
259 515947
260 519884
261 492228
262 493280
263 494333
264 531210
265 536021
266 536193
267 493256
268 494993
269 497754
270 510632
271 517051
272 517556
273 526217
274 532000
275 540359
276 511984
277 512691
278 517001
279 531580
280 536056
281 541290
282 536781
283 540469
284 543702
285 528611
286 529053
287 529325
288 508581
289 510691
290 512103
291 492839
292 495937
293 496097
294 502844
295 506911
296 509667
297 508769
298 510203
299 510530
300 541935
301 546596
302 553887
303 514668
304 517271
305 519050
306 486378
307 486379
308 491450
309 506642
310 511880
311 517736
312 514076
313 520746
314 526740
315 557344
316 561435
317 562386
318 515303
319 515412
320 516365
321 511044
322 514181
323 515466
324 539238
325 539800
326 545711
327 473416
328 473490
329 475512
330 450396
331 451110
332 453339
333 485297
334 490305
335 490494
336 500385
337 507342
338 507621
339 441049
340 443131
341 447741
342 472845
343 477781
344 484451
345 444036
346 444375
347 446374
348 489015
349 495287
350 496967
351 520642
352 525087
353 527191
354 469327
355 474389
356 478265
357 490932
358 494265
359 494497
360 497132
361 498105
362 500047
363 473766
364 474006
365 481447
366 545447
367 545627
368 545643
369 519027
370 519933
371 523345
372 449852
373 452866
374 453078
375 532703
376 535020
377 536344
378 508339
379 509179
380 511171
381 548149
382 556715
383 559526
384 534075
385 536103
386 541081
387 504120
388 505296
389 506817
390 476060
391 479540
392 480854
393 514597
394 515097
395 517322
396 470095
397 474979
398 477852
399 501637
400 509714
401 517516
402 522291
403 522923
404 526693
405 535231
406 538812
407 542794
408 455913
409 459048
410 460709
411 568308
412 570321
413 573701
414 511865
415 515647
416 519411
417 534890
418 535836
419 543366
420 498168
421 500202
422 501354
423 549665
424 553271
425 559084
426 555460
427 559273
428 561414
429 487549
430 490456
431 494164
432 491922
433 494357
434 497224
435 464426
436 470714
437 472546
438 479335
439 479533
440 486164
441 471397
442 477205
443 480105
444 555909
445 556670
446 559795
447 444456
448 450239
449 451692
450 505390
451 507522
452 509230
453 554612
454 557485
455 561392
456 497286
457 500529
458 501999
459 509209
460 511398
461 514416
462 461331
463 462721
464 464645
465 487415
466 487989
467 496866
468 498649
469 499256
470 501518
471 500215
472 500681
473 504463
474 481304
475 484721
476 485294
477 524671
478 524855
479 527796
480 467041
481 468105
482 469632
483 530840
484 531787
485 531798
486 542492
487 544336
488 546566
489 533121
490 537121
491 538354
492 505173
493 505882
494 508689
495 447689
496 450487
497 454290
498 508646
499 513709
500 519526
501 471857
502 472051
503 477031
504 485710
505 489583
506 490000
507 496969
508 497748
509 504072
510 547652
511 553756
512 554098
513 536310
514 541533
515 547927
516 553195
517 557185
518 560732
519 500577
520 505095
521 506687
522 489874
523 490900
524 493332
525 511364
526 511627
527 517842
528 570493
529 576062
530 578262
531 509650
532 510637
533 510663
534 512409
535 513748
536 514712
537 507401
538 511881
539 513265
540 482161
541 486030
542 486130
543 484228
544 490297
545 494997
546 504305
547 505640
548 511020
549 491403
550 492666
551 501616
552 469772
553 471597
554 478318
555 503056
556 505839
557 513596
558 534615
559 540600
560 547592
561 460207
562 462776
563 463045
564 533558
565 534081
566 537650
567 593839
568 593995
569 594592
570 485803
571 486471
572 488650
573 481291
574 481492
575 482438
576 550889
577 551369
578 553967
579 498884
580 507057
581 512958
582 457508
583 458320
584 463522
585 492584
586 492902
587 498845
588 498510
589 502355
590 503566
591 502289
592 502574
593 505984
594 452093
595 459089
596 460772
597 582770
598 583460
599 592458
600 505257
601 512072
602 515716
603 471494
604 472614
605 475570
606 491113
607 497526
608 505767
609 420497
610 421599
611 426419
612 503394
613 508731
614 511780
615 489677
616 490367
617 492964
618 518729
619 519441
620 520269
621 503416
622 505169
623 510648
624 470849
625 471603
626 479299
627 468098
628 468229
629 472515
630 493279
631 497241
632 500560
633 504061
634 504418
635 510186
636 474616
637 474764
638 475384
639 509700
640 515883
641 523095
642 524518
643 525372
644 525436
645 480682
646 483045
647 483822
648 474581
649 474723
650 481391
651 515747
652 518440
653 520888
654 485666
655 486775
656 489231
657 483215
658 486049
659 486864
660 536858
661 542804
662 544652
663 481241
664 489073
665 494543
666 509499
667 514548
668 515609
669 486933
670 488578
671 491762
672 500669
673 503330
674 507593
675 559012
676 560706
677 564314
678 444513
679 446589
680 450459
681 563752
682 568654
683 576147
684 507371
685 512867
686 513564
687 473209
688 478885
689 480912
690 535189
691 538537
692 539790
693 479964
694 482221
695 484406
696 494618
697 495576
698 499549
699 511538
700 514968
701 519042
702 515599
703 516327
704 520726
705 493931
706 496014
707 498301
708 488609
709 489096
710 490706
711 494827
712 496320
713 501497
714 493534
715 497881
716 502816
717 477872
718 484615
719 492914
720 510802
721 511898
722 514476
723 518195
724 518669
725 521705
726 520361
727 526514
728 527540
729 538928
730 541811
731 541890
732 567534
733 567750
734 571599
735 541964
736 543781
737 543991
738 501571
739 501733
740 504895
741 520222
742 522356
743 523327
744 503410
745 505566
746 508724
747 510418
748 515306
749 518512
750 470603
751 472889
752 480316
753 546587
754 549630
755 550007
756 523259
757 525954
758 528472
759 502330
760 504168
761 505189
762 529475
763 530413
764 533884
765 530625
766 531906
767 533826
768 453106
769 455686
770 460892
771 498879
772 498881
773 499683
774 529855
775 532811
776 533551
777 483304
778 486250
779 487573
780 523148
781 525333
782 527665
783 540393
784 541995
785 542826
786 511917
787 512668
788 517042
789 498001
790 501292
791 503556
792 513334
793 515847
794 518466
795 460799
796 465904
797 468021
798 562247
799 564791
800 568067
801 489592
802 491330
803 494733
804 530002
805 531005
806 539918
807 489436
808 489586
809 492302
810 505309
811 511515
812 514435
813 533478
814 533675
815 537689
816 456532
817 456736
818 461416
819 483942
820 488602
821 490563
822 472208
823 474293
824 477472
825 488118
826 494991
827 498409
828 554996
829 557104
830 557281
831 491208
832 492063
833 492707
834 538018
835 543006
836 545675
837 475816
838 481251
839 483917
840 502984
841 503283
842 506333
843 544712
844 545059
845 546554
846 437995
847 440494
848 446920
849 513931
850 516304
851 519944
852 561353
853 561403
854 566979
855 471046
856 474142
857 477400
858 534609
859 534632
860 538548
861 486011
862 490922
863 492705
864 513362
865 513448
866 515567
867 486273
868 487176
869 490306
870 530057
871 533704
872 539746
873 494403
874 496074
875 496992
876 503525
877 505328
878 510230
879 510149
880 513352
881 518241
882 463024
883 465428
884 466712
885 453717
886 455386
887 458999
888 488411
889 491148
890 493390
891 491705
892 500552
893 508419
894 496187
895 497279
896 503256
897 473400
898 473793
899 478940
900 433707
901 434551
902 441225
903 483038
904 489006
905 492843
906 521811
907 521875
908 528166
909 525704
910 528157
911 532939
912 491489
913 492799
914 495713
915 509607
916 512991
917 519004
918 535049
919 535397
920 535829
921 497304
922 501116
923 503217
924 475787
925 479897
926 480800
927 470386
928 471403
929 477647
930 506483
931 510215
932 515055
933 523149
934 524892
935 525493
936 503475
937 504196
938 505026
939 486780
940 492691
941 495272
942 523808
943 527835
944 531628
945 508609
946 509737
947 514666
948 465283
949 468499
950 471226
951 480839
952 481266
953 484516
954 436731
955 444181
956 447965
957 490831
958 492310
959 495569
960 547867
961 551312
962 554276
963 490555
964 491419
965 494994
966 471538
967 472383
968 479618
969 544015
970 548022
971 550192
972 519670
973 526033
974 526991
975 521024
976 523742
977 524981
978 526284
979 527502
980 529568
981 483373
982 487516
983 494804
984 491487
985 492323
986 495048
987 511015
988 511578
989 517178
990 475568
991 483158
992 484080
993 476716
994 480321
995 482505
996 528647
997 535352
998 537691
999 488190
1000 489295
1001 491310
1002 454752
1003 456867
1004 457835
1005 474027
1006 481987
1007 483459
1008 477910
1009 484227
1010 487769
1011 523627
1012 527773
1013 536659
1014 508815
1015 509533
1016 509555
1017 485859
1018 486647
1019 487182
1020 468742
1021 475797
1022 476319
1023 512347
1024 512794
1025 515077
1026 479295
1027 485585
1028 486845
1029 506709
1030 511193
1031 513774
1032 517619
1033 518770
1034 519883
1035 553821
1036 556082
1037 558052
1038 509204
1039 513157
1040 513486
1041 505070
1042 509828
1043 510937
1044 492348
1045 496127
1046 498756
1047 470119
1048 473795
1049 480017
1050 512188
1051 516710
1052 521560
1053 544520
1054 546329
1055 547742
1056 552886
1057 555121
1058 555998
1059 499978
1060 506794
1061 508481
1062 503938
1063 512230
1064 514627
1065 539418
1066 539421
1067 541375
1068 506173
1069 507105
1070 508702
1071 501901
1072 508007
1073 508259
1074 574904
1075 577165
1076 579057
1077 481796
1078 488880
1079 489479
1080 440088
1081 441526
1082 443039
1083 475244
1084 478130
1085 478207
1086 484869
1087 485093
1088 488135
1089 587248
1090 589076
1091 593395
1092 455539
1093 462080
1094 465206
1095 488361
1096 494168
1097 498773
1098 507404
1099 507954
1100 508159
1101 528227
1102 531631
1103 535466
1104 557268
1105 563130
1106 569328
1107 508164
1108 509925
1109 510518
1110 499666
1111 504271
1112 507026
1113 497680
1114 498727
1115 499210
1116 529152
1117 534345
1118 534651
1119 504271
1120 505894
1121 509379
1122 444360
1123 451144
1124 453185
1125 516997
1126 517596
1127 523413
1128 527828
1129 529189
1130 532468
1131 410433
1132 410594
1133 414939
1134 467482
1135 476183
1136 477210
1137 499914
1138 500848
1139 508484
1140 521133
1141 521260
1142 521398
1143 522766
1144 524946
1145 525638
1146 506287
1147 507785
1148 507824
1149 488887
1150 494962
1151 495158
1152 514652
1153 519659
1154 519715
1155 528811
1156 531958
1157 532519
1158 508547
1159 513171
1160 514725
1161 480748
1162 487861
1163 489297
1164 518594
1165 522950
1166 524161
1167 508389
1168 509991
1169 511529
1170 457256
1171 466790
1172 469738
1173 516784
1174 520191
1175 520290
1176 529102
1177 534175
1178 535000
1179 440206
1180 444418
1181 447125
1182 503026
1183 503992
1184 505485
1185 501175
1186 502105
1187 504136
1188 474148
1189 479394
1190 481110
1191 466227
1192 474930
1193 481839
1194 475159
1195 478128
1196 482468
1197 414967
1198 421091
1199 423764
1200 478396
1201 478936
1202 486940
1203 493529
1204 493538
1205 497069
1206 499893
1207 502500
1208 505270
1209 495781
1210 496842
1211 499488
1212 473672
1213 474287
1214 482136
1215 506764
1216 513802
1217 519758
1218 511082
1219 512891
1220 514434
1221 453391
1222 454788
1223 458077
1224 485640
1225 486421
1226 492071
1227 543663
1228 545563
1229 545845
1230 486336
1231 487578
1232 490970
1233 538995
1234 542765
1235 543837
1236 483133
1237 484916
1238 489901
1239 476650
1240 482961
1241 485062
1242 543408
1243 544797
1244 545431
1245 528501
1246 530153
1247 531919
1248 420446
1249 421330
1250 422881
1251 497789
1252 503495
1253 505940
1254 552987
1255 554010
1256 554876
1257 548523
1258 554477
1259 555979
1260 570080
1261 570281
1262 573894
1263 500578
1264 509026
1265 509636
1266 563865
1267 564261
1268 566022
1269 538439
1270 542841
1271 543015
1272 497340
1273 502507
1274 506160
1275 490366
1276 495901
1277 499121
1278 482420
1279 487062
1280 488742
1281 452375
1282 452872
1283 454505
1284 553255
1285 555046
1286 556617
1287 495715
1288 497705
1289 501179
1290 503410
1291 505017
1292 505583
1293 491326
1294 493873
1295 503109
1296 532851
1297 534650
1298 535678
1299 510815
1300 513984
1301 515317
1302 526663
1303 527921
1304 528935
1305 531181
1306 532956
1307 538578
1308 457280
1309 459673
1310 461062
1311 500170
1312 506265
1313 508343
1314 473861
1315 476666
1316 478217
1317 510405
1318 512216
1319 514502
1320 484072
1321 486527
1322 488025
1323 507583
1324 515496
1325 521887
1326 502083
1327 502932
1328 507030
1329 478177
1330 484850
1331 488671
1332 489944
1333 493152
1334 498191
1335 469075
1336 476460
1337 478953
1338 482115
1339 485003
1340 489660
1341 474040
1342 476616
1343 478757
1344 520369
1345 520469
1346 526794
1347 489183
1348 490702
1349 495613
1350 512817
1351 515102
1352 516261
1353 515153
1354 520276
1355 521182
1356 464774
1357 466235
1358 470701
1359 512044
1360 518699
1361 527602
1362 497376
1363 500312
1364 502373
1365 528989
1366 531195
1367 536559
1368 508150
1369 508950
1370 510089
1371 467603
1372 467626
1373 468003
1374 522053
1375 529643
1376 533914
1377 506356
1378 506749
1379 508745
1380 507174
1381 509040
1382 513245
1383 525104
1384 529383
1385 537508
1386 542014
1387 543644
1388 545497
1389 495511
1390 497770
1391 499321
1392 512836
1393 515592
1394 519967
1395 498783
1396 499672
1397 501433
1398 516768
1399 519205
1400 520332
1401 521347
1402 521596
1403 524163
1404 476801
1405 480118
1406 486177
1407 494009
1408 495325
1409 499377
1410 480692
1411 487195
1412 489468
1413 475333
1414 481206
1415 485296
1416 519520
1417 524031
1418 525434
1419 537475
1420 539313
1421 542837
1422 506189
1423 506849
1424 509144
1425 511493
1426 512629
1427 514859
1428 490885
1429 494707
1430 498141
1431 492724
1432 495041
1433 499334
1434 544286
1435 547825
1436 550669
1437 540649
1438 545063
1439 546467
1440 495743
1441 497565
1442 502891
1443 510371
1444 510696
1445 515633
1446 457232
1447 458418
1448 462718
1449 526153
1450 526698
1451 526913
1452 447678
1453 451320
1454 451956
1455 538384
1456 539376
1457 540472
1458 530853
1459 531046
1460 532262
1461 537358
1462 539373
1463 544449
1464 571692
1465 576494
1466 579382
1467 513615
1468 514148
1469 520130
1470 493628
1471 497872
1472 501944
1473 513944
1474 515984
1475 516085
1476 519807
1477 522737
1478 525125
1479 491723
1480 493740
1481 494538
1482 526839
1483 529901
1484 530677
1485 513557
1486 515344
1487 515392
1488 468879
1489 470808
1490 474059
1491 456788
1492 457686
1493 460198
1494 508099
1495 509071
1496 510151
1497 549036
1498 549255
1499 556943
1500 523112
1501 530447
1502 532266
1503 452975
1504 454723
1505 457036
1506 510405
1507 512892
1508 516962
1509 476043
1510 476324
1511 482592
1512 446987
1513 449253
1514 452096
1515 498248
1516 501367
1517 503177
1518 527942
1519 534242
1520 535230
1521 505775
1522 509382
1523 516210
1524 453284
1525 455475
1526 460567
1527 502239
1528 504089
1529 505787
1530 509522
1531 513928
1532 514140
1533 457833
1534 460873
1535 462587
1536 520554
1537 521256
1538 522325
1539 475084
1540 475284
1541 476503
1542 480973
1543 487761
1544 492165
1545 485261
1546 489527
1547 490426
1548 543980
1549 548803
1550 551607
1551 472472
1552 476390
1553 479734
1554 527442
1555 528217
1556 531765
1557 496300
1558 498524
1559 501416
1560 503693
1561 508798
1562 512012
1563 501561
1564 502713
1565 503404
1566 467454
1567 468478
1568 475185
1569 519691
1570 520569
1571 527000
1572 495880
1573 497260
1574 501880
1575 471876
1576 472811
1577 480686
1578 462545
1579 462727
1580 469900
1581 510202
1582 513340
1583 518361
1584 496583
1585 500439
1586 501597
1587 552894
1588 552896
1589 553906
1590 557483
1591 561607
1592 566352
1593 495974
1594 497202
1595 500086
1596 532320
1597 535118
1598 535825
1599 469215
1600 471398
1601 471592
1602 447247
1603 451621
1604 452788
1605 464366
1606 469357
1607 469759
1608 538899
1609 547392
1610 551269
1611 489212
1612 492758
1613 494425
1614 471916
1615 475227
1616 479324
1617 501039
1618 503254
1619 505411
1620 537790
1621 544301
1622 544805
1623 497984
1624 499307
1625 503448
1626 527487
1627 530892
1628 531960
1629 526896
1630 530496
1631 535196
1632 457675
1633 459441
1634 460323
1635 502152
1636 504835
1637 506777
1638 491158
1639 494001
1640 495454
1641 521004
1642 529340
1643 533440
1644 495465
1645 498748
1646 502527
1647 468001
1648 468705
1649 475549
1650 466824
1651 471195
1652 471224
1653 485073
1654 490192
1655 498538
1656 488463
1657 489808
1658 490980
1659 537609
1660 538836
1661 541537
1662 510038
1663 516314
1664 525151
1665 502151
1666 505087
1667 512374
1668 503670
1669 505073
1670 505536
1671 416717
1672 417635
1673 421796
1674 506708
1675 507155
1676 510129
1677 525241
1678 526186
1679 529420
1680 475333
1681 483057
1682 491160
1683 497050
1684 500999
1685 502284
1686 537057
1687 537888
1688 544392
1689 523259
1690 528721
1691 528853
1692 468740
1693 469555
1694 472425
1695 490818
1696 491508
1697 491791
1698 477022
1699 478125
1700 485989
1701 486737
1702 488647
1703 492715
1704 505183
1705 505253
1706 508346
1707 514560
1708 517794
1709 518612
1710 548499
1711 548825
1712 551200
1713 498340
1714 503765
1715 504799
1716 504887
1717 505086
1718 511349
1719 497112
1720 498940
1721 501555
1722 580982
1723 583784
1724 586697
1725 482482
1726 484711
1727 485939
1728 513354
1729 514095
1730 517055
1731 498536
1732 498639
1733 499275
1734 486825
1735 488475
1736 491304
1737 513505
1738 519533
1739 525244
1740 483877
1741 485896
1742 486590
1743 473328
1744 473386
1745 475878
1746 495787
1747 498196
1748 504589
1749 537727
1750 537832
1751 537932
1752 554852
1753 555492
1754 556862
1755 506309
1756 506987
1757 512837
1758 510981
1759 512017
1760 514734
1761 527669
1762 528957
1763 535563
1764 523397
1765 524868
1766 527571
1767 543802
1768 545605
1769 548435
1770 485676
1771 487310
1772 488856
1773 524528
1774 527849
1775 530064
1776 479451
1777 483850
1778 492196
1779 488994
1780 490401
1781 493292
1782 497457
1783 502994
1784 504615
1785 506040
1786 507001
1787 508991
1788 464877
1789 466166
1790 472304
1791 488529
1792 492105
1793 492205
1794 527023
1795 530709
1796 535013
1797 508347
1798 509080
1799 511881
1800 513793
1801 520327
1802 529181
1803 525768
1804 528020
1805 529226
1806 481738
1807 481806
1808 486390
1809 492397
1810 499692
1811 503529
1812 521669
1813 524641
1814 529248
1815 544668
1816 546962
1817 553766
1818 488074
1819 494089
1820 494494
1821 521679
1822 522846
1823 527730
1824 541770
1825 542783
1826 545777
1827 463161
1828 463381
1829 465586
1830 517672
1831 520778
1832 527894
1833 524627
1834 530848
1835 531916
1836 533153
1837 536742
1838 540615
1839 492000
1840 500301
1841 503006
1842 548796
1843 551125
1844 554311
1845 467674
1846 470134
1847 473366
1848 490252
1849 497708
1850 503513
1851 549162
1852 557860
1853 559165
1854 486507
1855 491978
1856 492004
1857 510533
1858 512388
1859 515128
1860 509907
1861 512260
1862 513157
1863 538994
1864 540435
1865 542214
1866 472766
1867 473852
1868 474767
1869 477385
1870 482983
1871 484067
1872 485733
1873 488523
1874 492968
1875 477541
1876 479678
1877 484086
1878 526761
1879 532229
1880 533074
1881 511338
1882 514911
1883 522259
1884 473936
1885 478874
1886 480931
1887 471825
1888 480504
1889 480970
1890 525922
1891 529727
1892 533151
1893 538902
1894 542399
1895 543703
1896 469748
1897 475265
1898 480368
1899 477406
1900 480633
1901 481033
1902 462393
1903 470774
1904 471325
1905 521188
1906 524042
1907 526286
1908 528825
1909 529283
1910 530108
1911 530104
1912 531173
1913 532829
1914 535033
1915 542876
1916 545413
1917 562028
1918 566341
1919 567178
1920 500365
1921 502116
1922 504953
1923 511599
1924 515784
1925 520402
1926 424121
1927 428269
1928 436752
1929 539994
1930 544784
1931 545464
1932 532473
1933 534308
1934 536107
1935 523596
1936 527542
1937 527722
1938 513058
1939 515579
1940 516337
1941 509803
1942 511710
1943 513979
1944 434982
1945 440251
1946 447497
1947 537033
1948 537545
1949 540863
1950 500124
1951 501619
1952 507163
1953 496252
1954 498358
1955 503227
1956 536617
1957 540027
1958 549140
1959 486632
1960 491659
1961 495403
1962 489059
1963 495155
1964 502472
1965 521520
1966 523796
1967 525870
1968 441361
1969 441409
1970 441639
1971 502830
1972 506625
1973 512637
1974 495746
1975 497876
1976 499702
1977 480481
1978 480695
1979 481508
1980 518721
1981 520098
1982 520184
1983 580763
1984 581617
1985 582841
1986 525914
1987 529290
1988 533792
1989 445553
1990 445812
1991 454900
1992 521915
1993 527881
1994 528447
1995 531910
1996 532378
1997 532900
1998 488026
1999 494732
2000 496045
2001 473848
2002 474342
2003 475654
2004 508325
2005 509298
2006 509557
2007 480611
2008 485306
2009 489936
2010 552067
2011 553140
2012 555720
2013 427703
2014 429372
2015 429463
2016 511767
2017 512104
2018 517969
2019 495551
2020 498147
2021 499176
2022 526228
2023 529217
2024 529489
2025 559610
2026 565486
2027 565940
2028 478655
2029 481451
2030 483202
2031 485719
2032 494631
2033 502345
2034 502475
2035 502837
2036 510696
2037 492057
2038 492324
2039 497006
2040 471240
2041 472927
2042 474411
2043 537776
2044 538254
2045 545937
2046 471367
2047 477103
2048 480679
2049 541678
2050 542526
2051 542629
2052 479845
2053 480536
2054 483771
2055 560609
2056 561879
2057 564661
2058 496855
2059 497098
2060 501178
2061 536475
2062 537843
2063 542775
2064 619250
2065 621865
2066 623860
2067 566346
2068 570312
2069 572469
2070 506895
2071 507962
2072 509214
2073 543904
2074 548720
2075 550308
2076 488007
2077 491538
2078 493971
2079 447195
2080 449173
2081 452194
2082 522868
2083 527482
2084 528453
2085 427206
2086 428821
2087 430908
2088 511214
2089 514412
2090 522933
2091 524129
2092 525204
2093 528382
2094 475170
2095 475483
2096 475691
2097 507231
2098 509643
2099 516855
2100 504976
2101 506897
2102 508201
2103 524672
2104 526440
2105 533530
2106 515809
2107 521465
2108 522750
2109 501754
2110 511243
2111 513676
2112 566069
2113 566616
2114 571381
2115 487836
2116 491670
2117 496112
2118 527580
2119 530821
2120 533566
2121 477170
2122 479478
2123 481241
2124 481105
2125 484449
2126 487302
2127 517095
2128 518224
2129 522036
2130 460727
2131 464020
2132 472287
2133 519005
2134 521121
2135 526113
2136 474785
2137 476087
2138 481490
2139 497737
2140 498299
2141 498379
2142 477765
2143 480320
2144 484345
2145 471786
2146 477256
2147 477312
2148 474358
2149 476654
2150 477572
2151 490872
2152 495978
2153 499610
2154 490841
2155 490883
2156 495034
2157 478182
2158 478348
2159 483927
2160 448583
2161 454636
2162 459109
2163 460438
2164 469008
2165 469931
2166 412058
2167 415191
2168 415759
2169 381989
2170 384676
2171 392313
2172 494638
2173 495932
2174 499872
2175 536077
2176 537763
2177 541426
2178 492583
2179 497056
2180 499660
2181 519799
2182 522885
2183 524258
2184 521814
2185 524185
2186 529991
2187 498883
2188 507421
2189 507661
2190 486575
2191 487280
2192 487477
2193 478642
2194 478960
2195 480825
2196 515295
2197 516470
2198 520025
2199 482915
2200 484383
2201 490492
2202 508773
2203 509497
2204 513993
2205 478518
2206 481892
2207 482181
2208 554946
2209 555746
2210 557251
2211 479278
2212 483827
2213 484457
2214 476660
2215 480729
2216 483473
2217 585870
2218 588500
2219 590708
2220 514295
2221 514780
2222 516804
2223 423247
2224 425483
2225 426586
2226 524105
2227 529981
2228 534632
2229 493272
2230 496836
2231 505899
2232 456204
2233 462579
2234 462783
2235 468353
2236 471807
2237 479513
2238 511678
2239 512611
2240 516012
2241 551236
2242 551631
2243 558537
2244 480876
2245 482352
2246 483802
2247 518930
2248 522928
2249 524698
2250 503325
2251 504329
2252 505568
2253 438828
2254 439989
2255 444196
2256 549159
2257 549397
2258 549483
2259 429911
2260 431218
2261 435158
2262 520641
2263 520705
2264 521389
2265 517401
2266 519795
2267 521933
2268 496469
2269 498020
2270 502160
2271 499593
2272 500107
2273 501137
2274 461284
2275 465389
2276 468043
2277 432752
2278 440875
2279 441653
2280 539250
2281 539306
2282 543654
2283 526749
2284 532204
2285 533452
2286 491193
2287 492948
2288 493639
2289 511612
2290 512205
2291 514974
2292 514396
2293 516462
2294 521791
2295 492729
2296 493624
2297 497276
2298 510596
2299 510966
2300 511288
2301 502194
2302 502699
2303 509118
2304 454582
2305 455597
2306 463386
2307 429899
2308 432330
2309 435133
2310 496632
2311 498937
2312 499391
2313 480437
2314 482520
2315 486323
2316 494732
2317 495429
2318 504167
2319 533400
2320 534672
2321 535248
2322 543958
2323 544515
2324 545997
2325 404942
2326 406474
2327 407335
2328 474976
2329 478591
2330 478788
2331 488510
2332 495567
2333 498098
2334 534445
2335 536770
2336 536880
2337 489210
2338 492398
2339 495076
2340 514737
2341 516816
2342 519453
2343 496922
2344 500810
2345 504774
2346 531980
2347 536216
2348 541613
2349 472736
2350 474591
2351 475059
2352 508261
2353 512367
2354 514332
2355 524857
2356 530425
2357 532862
2358 548366
2359 550828
2360 552542
2361 468194
2362 471864
2363 473053
2364 525320
2365 529431
2366 533740
2367 470432
2368 470736
2369 474809
2370 517853
2371 519417
2372 521374
2373 500968
2374 503861
2375 504845
2376 478932
2377 480396
2378 483076
2379 561419
2380 567638
2381 570737
2382 464710
2383 467834
2384 472860
2385 429669
2386 432004
2387 433552
2388 525560
2389 527323
2390 531233
2391 510073
2392 512383
2393 515351
2394 520535
2395 520830
2396 525436
2397 492003
2398 495291
2399 503314
2400 511832
2401 515349
2402 518895
2403 567259
2404 571087
2405 571828
2406 527158
2407 532799
2408 534805
2409 491864
2410 493647
2411 495349
2412 460893
2413 463859
2414 465970
2415 509876
2416 509876
2417 515253
2418 508679
2419 510586
2420 512046
2421 532298
2422 533563
2423 533981
2424 529606
2425 534248
2426 539321
2427 453690
2428 453751
2429 456532
2430 504818
2431 504987
2432 513177
2433 556339
2434 559058
2435 562934
2436 510183
2437 512437
2438 513729
2439 531567
2440 535501
2441 536815
2442 513407
2443 517128
2444 517451
2445 581056
2446 584794
2447 587014
2448 501705
2449 504400
2450 505642
2451 532348
2452 535324
2453 538493
2454 528752
2455 530824
2456 536039
2457 529413
2458 534769
2459 539035
2460 518271
2461 520519
2462 522438
2463 556086
2464 556734
2465 557210
2466 490458
2467 493714
2468 493880
2469 495183
2470 497097
2471 499564
2472 510747
2473 516304
2474 516995
2475 487612
2476 493701
2477 498876
2478 530772
2479 532214
2480 532827
2481 483642
2482 487309
2483 489120
2484 498307
2485 502740
2486 505582
2487 514585
2488 516104
2489 517966
2490 479676
2491 480899
2492 481193
2493 515562
2494 523550
2495 526813
2496 481458
2497 482527
2498 485456
2499 469896
2500 470247
2501 475037
2502 512384
2503 515944
2504 518329
2505 530082
2506 534849
2507 535702
2508 492567
2509 496981
2510 502734
2511 505919
2512 508280
2513 509294
2514 558270
2515 565619
2516 566529
2517 544130
2518 547794
2519 548190
2520 513149
2521 515967
2522 516090
2523 521919
2524 522494
2525 523045
2526 462561
2527 471009
2528 472567
2529 516674
2530 519531
2531 520785
2532 472553
2533 476291
2534 483223
2535 484253
2536 485219
2537 486886
2538 465613
2539 466301
2540 467080
2541 572934
2542 573724
2543 574897
2544 468669
2545 469583
2546 470908
2547 489991
2548 494889
2549 495434
2550 499871
2551 500373
2552 504136
2553 551402
2554 556024
2555 560773
2556 526809
2557 527948
2558 528237
2559 481108
2560 486171
2561 488500
2562 517091
2563 519599
2564 527171
2565 447429
2566 450810
2567 452921
2568 457661
2569 460583
2570 461647
2571 501206
2572 503715
2573 509812
2574 499812
2575 503983
2576 507446
2577 482050
2578 482142
2579 487080
2580 522384
2581 525714
2582 527764
2583 567609
2584 568585
2585 570334
2586 510826
2587 515646
2588 516308
2589 440158
2590 443427
2591 444335
2592 512654
2593 514786
2594 521235
2595 537977
2596 541800
2597 542194
2598 492344
2599 496080
2600 498537
2601 513647
2602 522221
2603 522854
2604 559889
2605 564251
2606 570922
2607 570366
2608 574642
2609 577178
2610 538468
2611 541232
2612 549657
2613 560091
2614 560862
2615 561753
2616 510196
2617 513476
2618 518030
2619 493018
2620 493530
2621 501172
2622 538490
2623 539009
2624 544774
2625 526640
2626 531689
2627 532037
2628 546106
2629 549266
2630 555869
2631 501979
2632 506925
2633 510482
2634 542893
2635 544130
2636 549256
2637 488208
2638 492869
2639 495262
2640 467304
2641 469720
2642 472684
2643 495007
2644 499935
2645 505574
2646 463265
2647 465059
2648 471368
2649 478598
2650 485660
2651 489554
2652 539895
2653 544136
2654 547966
2655 505974
2656 512337
2657 513322
2658 485366
2659 486756
2660 495622
2661 545025
2662 545041
2663 547942
2664 469734
2665 475260
2666 475338
2667 540292
2668 543222
2669 544935
2670 490530
2671 492599
2672 494729
2673 584640
2674 592161
2675 598937
2676 520863
2677 521701
2678 525518
2679 514030
2680 517133
2681 517602
2682 515301
2683 520474
2684 526084
2685 513339
2686 515102
2687 519742
2688 497843
2689 504793
2690 512061
2691 456457
2692 456505
2693 461843
2694 510343
2695 515954
2696 518577
2697 530729
2698 534728
2699 539717
2700 462069
2701 462662
2702 464083
2703 485255
2704 485953
2705 489044
2706 486728
2707 487108
2708 489257
2709 504280
2710 504374
2711 504575
2712 450641
2713 453087
2714 454519
2715 445582
2716 450576
2717 452033
2718 480972
2719 485234
2720 490933
2721 492097
2722 493886
2723 496688
2724 470876
2725 474993
2726 475470
2727 495541
2728 498807
2729 501280
2730 486992
2731 487408
2732 487692
2733 486847
2734 488736
2735 490729
2736 525802
2737 527192
2738 530199
2739 513057
2740 519691
2741 521347
2742 534577
2743 540223
2744 542932
2745 508832
2746 509675
2747 516773
2748 559952
2749 560512
2750 566341
2751 480806
2752 483997
2753 486206
2754 476763
2755 476767
2756 480311
2757 473874
2758 479611
2759 479679
2760 516002
2761 516695
2762 517691
2763 507183
2764 509701
2765 510229
2766 533185
2767 534775
2768 536649
2769 507687
2770 509137
2771 510522
2772 457530
2773 459919
2774 462279
2775 441117
2776 443664
2777 444727
2778 534551
2779 542100
2780 546571
2781 509763
2782 511402
2783 513280
2784 511095
2785 512989
2786 515670
2787 484439
2788 486733
2789 491803
2790 455850
2791 463254
2792 464157
2793 455817
2794 461949
2795 463278
2796 508220
2797 511316
2798 516549
2799 505808
2800 506697
2801 507204
2802 446482
2803 450293
2804 452437
2805 510821
2806 511583
2807 514004
2808 485278
2809 491429
2810 496124
2811 472715
2812 474037
2813 477084
2814 530187
2815 530304
2816 532311
2817 562346
2818 563362
2819 567679
2820 468209
2821 472582
2822 472786
2823 545341
2824 550280
2825 553896
2826 489145
2827 495026
2828 502017
2829 513137
2830 515341
2831 519686
2832 456458
2833 458646
2834 459553
2835 465396
2836 466562
2837 468098
2838 517262
2839 517481
2840 519959
2841 530043
2842 530533
2843 533133
2844 496706
2845 498422
2846 503103
2847 448432
2848 455568
2849 455669
2850 482154
2851 487259
2852 488411
2853 512252
2854 514371
2855 516154
2856 523754
2857 525158
2858 528732
2859 568840
2860 569833
2861 569888
2862 493479
2863 493749
2864 496460
2865 543706
2866 547959
2867 551061
2868 512429
2869 517750
2870 518647
2871 496794
2872 497236
2873 501670
2874 497361
2875 500558
2876 502687
2877 536977
2878 537821
2879 542775
2880 513602
2881 518134
2882 519214
2883 466686
2884 469935
2885 472764
2886 516839
2887 521096
2888 525841
2889 455257
2890 460651
2891 464145
2892 527920
2893 528633
2894 531674
2895 529231
2896 534496
2897 534949
2898 508846
2899 511656
2900 515101
2901 575642
2902 577265
2903 580659
2904 516276
2905 520692
2906 523200
2907 539791
2908 541984
2909 547196
2910 526398
2911 532491
2912 534321
2913 550062
2914 552335
2915 552713
2916 553594
2917 555633
2918 555998
2919 432549
2920 434662
2921 436875
2922 488977
2923 489270
2924 491951
2925 510847
2926 519494
2927 528055
2928 486075
2929 494920
2930 499347
2931 491684
2932 495275
2933 495953
2934 541137
2935 542573
2936 544101
2937 511301
2938 514471
2939 515473
2940 508559
2941 512818
2942 513802
2943 462832
2944 465209
2945 466833
2946 485434
2947 489390
2948 489450
2949 481995
2950 489863
2951 490275
2952 540898
2953 544839
2954 545542
2955 496234
2956 496876
2957 502214
2958 514922
2959 515120
2960 517098
2961 496583
2962 500699
2963 501586
2964 480335
2965 481053
2966 481902
2967 554884
2968 557531
2969 559642
2970 537314
2971 538214
2972 542664
2973 521973
2974 522241
2975 524567
2976 506119
2977 511084
2978 512137
2979 585035
2980 589119
2981 596568
2982 468448
2983 470276
2984 472508
2985 511666
2986 513428
2987 514621
2988 514446
2989 521734
2990 526322
2991 494552
2992 496982
2993 499372
2994 548367
2995 549295
2996 550647
2997 519592
2998 523842
2999 528575
