0 500745
1 499073
2 498328
3 491915
4 499995
5 502114
6 503667
7 507564
8 424046
9 431791
10 433832
11 434619
12 460200
13 463914
14 463914
15 464378
16 501989
17 502693
18 503986
19 504699
20 473279
21 481926
22 482319
23 491097
24 518423
25 520647
26 520730
27 520862
28 533692
29 539418
30 540684
31 541843
32 545694
33 554674
34 555689
35 557699
36 509820
37 512238
38 516504
39 516722
40 492006
41 494552
42 495546
43 500748
44 484975
45 487243
46 488298
47 490829
48 508542
49 515635
50 516689
51 522378
52 448186
53 448944
54 450108
55 456629
56 504278
57 506718
58 509203
59 513673
60 476178
61 480943
62 482223
63 486494
64 452325
65 457503
66 458373
67 460032
68 496158
69 500717
70 504769
71 505274
72 586810
73 589972
74 591128
75 593302
76 581121
77 582365
78 586092
79 586224
80 476183
81 479823
82 481788
83 484886
84 494756
85 495791
86 497839
87 497920
88 532121
89 534144
90 537151
91 541192
92 483911
93 484829
94 488418
95 488933
96 473041
97 478923
98 479875
99 480474
100 434446
101 435435
102 437715
103 443450
104 485028
105 489057
106 489796
107 492428
108 474580
109 475617
110 476075
111 476167
112 516837
113 517003
114 519030
115 527239
116 544396
117 545724
118 549155
119 552933
120 529035
121 532093
122 532393
123 539714
124 521588
125 522870
126 527452
127 534673
128 525350
129 529355
130 530434
131 530474
132 465113
133 466396
134 469094
135 470992
136 526768
137 527121
138 528051
139 536160
140 505748
141 506327
142 506374
143 510022
144 564839
145 571621
146 572070
147 575334
148 482803
149 485878
150 485920
151 491592
152 470197
153 477203
154 480338
155 480930
156 497549
157 503252
158 503524
159 503851
160 465166
161 466030
162 469011
163 472108
164 508111
165 510400
166 513944
167 515185
168 552948
169 553700
170 558096
171 560930
172 485147
173 485510
174 488356
175 493245
176 506969
177 507101
178 510233
179 512937
180 547473
181 547981
182 549627
183 550976
184 540036
185 546142
186 546223
187 550144
188 503464
189 504333
190 505099
191 506322
192 500362
193 506458
194 511806
195 512041
196 462435
197 466097
198 466525
199 466821
200 466235
201 469275
202 473136
203 477500
204 461660
205 461906
206 463324
207 464888
208 496789
209 498112
210 501107
211 508076
212 532674
213 533491
214 534206
215 539073
216 508726
217 508898
218 513444
219 514223
220 488907
221 495841
222 496506
223 500722
224 476927
225 477241
226 477772
227 482326
228 504717
229 507977
230 508232
231 508721
232 517795
233 519810
234 520588
235 520983
236 543002
237 544193
238 551255
239 557555
240 501008
241 501692
242 502405
243 502847
244 539290
245 539362
246 541423
247 542770
248 471290
249 471503
250 473280
251 475768
252 539454
253 541021
254 541279
255 544254
256 494847
257 497836
258 500298
259 503276
260 441741
261 447753
262 448298
263 452786
264 473006
265 473351
266 476168
267 476783
268 530279
269 535305
270 538306
271 539988
272 506383
273 508704
274 511005
275 511693
276 467794
277 470492
278 473972
279 479816
280 470861
281 471281
282 471978
283 472130
284 486783
285 488301
286 490565
287 491306
288 462219
289 464276
290 471031
291 473118
292 490589
293 492607
294 494437
295 498649
296 510848
297 517228
298 517582
299 520635
300 526918
301 527093
302 527893
303 534197
304 529574
305 532382
306 535309
307 536287
308 505871
309 509419
310 511880
311 512540
312 444956
313 450137
314 450437
315 450604
316 468551
317 471611
318 474989
319 475448
320 444798
321 446783
322 450301
323 454268
324 518281
325 519364
326 520517
327 521926
328 533716
329 533736
330 535417
331 542739
332 549266
333 552417
334 555866
335 556691
336 486193
337 490451
338 492255
339 494261
340 487767
341 489777
342 490742
343 490917
344 542260
345 543021
346 543733
347 544304
348 538313
349 541787
350 542554
351 547454
352 438940
353 444990
354 446006
355 448357
356 514498
357 516146
358 516214
359 517366
360 473893
361 475584
362 476687
363 477400
364 490959
365 491923
366 496782
367 498748
368 507350
369 507639
370 508622
371 511574
372 469322
373 470991
374 472478
375 477380
376 480098
377 480959
378 481046
379 486890
380 513902
381 516232
382 518322
383 518878
384 524218
385 526261
386 529138
387 530546
388 534896
389 535657
390 543553
391 543798
392 533540
393 533881
394 540226
395 541025
396 499341
397 499380
398 502977
399 506830
400 498807
401 499413
402 502513
403 502717
404 460968
405 461823
406 462126
407 462526
408 516255
409 520670
410 522419
411 526481
412 532898
413 533816
414 533921
415 539298
416 474455
417 477949
418 478580
419 483373
420 514867
421 523515
422 524479
423 531213
424 462835
425 464903
426 466155
427 467672
428 444415
429 444955
430 451661
431 452485
432 479378
433 483461
434 490652
435 491269
436 486012
437 487247
438 490729
439 491412
440 536828
441 537022
442 538436
443 539376
444 447564
445 453525
446 454527
447 457363
448 496224
449 501317
450 501595
451 504305
452 490785
453 491978
454 495158
455 500072
456 520829
457 522617
458 527334
459 534327
460 528811
461 529475
462 529798
463 533722
464 497757
465 501071
466 503045
467 504045
468 535065
469 537336
470 538526
471 540884
472 490912
473 494977
474 498919
475 502213
476 478924
477 480153
478 482004
479 482277
480 488123
481 490361
482 491111
483 494388
484 524357
485 524965
486 528249
487 537272
488 502482
489 506586
490 510223
491 512241
492 535621
493 542518
494 544072
495 544377
496 482893
497 484639
498 485270
499 486713
500 517714
501 518383
502 523487
503 528848
504 469740
505 477485
506 481860
507 486275
508 494803
509 499895
510 503531
511 504695
512 464396
513 464993
514 467209
515 467462
516 542283
517 544814
518 546101
519 551734
520 508515
521 510584
522 513813
523 517075
524 512743
525 513619
526 514118
527 518452
528 506721
529 508318
530 516888
531 517227
532 503655
533 504800
534 505077
535 505906
536 517841
537 522142
538 522760
539 522894
540 462698
541 468230
542 472171
543 474577
544 506912
545 508316
546 508644
547 509135
548 466983
549 471056
550 473351
551 479492
552 482199
553 489147
554 495916
555 496699
556 484638
557 487989
558 487994
559 491091
560 476362
561 485256
562 485609
563 486376
564 491024
565 491059
566 495120
567 499965
568 539483
569 544791
570 546779
571 547955
572 506766
573 514450
574 515090
575 515605
576 478769
577 482113
578 486472
579 489511
580 495907
581 498961
582 502666
583 512303
584 552548
585 556635
586 560936
587 564816
588 534707
589 537230
590 539060
591 540362
592 507082
593 511483
594 512195
595 516134
596 504367
597 506006
598 509571
599 511572
600 484312
601 484360
602 488923
603 490880
604 475244
605 475847
606 477372
607 478037
608 491794
609 492014
610 493644
611 494822
612 482064
613 485193
614 486151
615 487345
616 552333
617 560620
618 561196
619 565751
620 461348
621 464180
622 465343
623 466525
624 567154
625 569900
626 570106
627 574425
628 476918
629 477586
630 479616
631 480097
632 480999
633 484119
634 484613
635 485100
636 522591
637 522927
638 527976
639 533028
640 505122
641 508452
642 508498
643 509147
644 498647
645 501745
646 505136
647 511468
648 549154
649 549945
650 551481
651 554415
652 545779
653 548448
654 549086
655 551288
656 446774
657 449951
658 453405
659 458394
660 489503
661 489777
662 489979
663 492165
664 535711
665 539106
666 541678
667 542255
668 527228
669 530503
670 535817
671 542247
672 503204
673 504213
674 504957
675 505436
676 542049
677 542593
678 542989
679 544722
680 480671
681 480984
682 484026
683 488010
684 502706
685 503129
686 506790
687 508558
688 503098
689 505590
690 509520
691 512788
692 549725
693 549936
694 550817
695 550964
696 543877
697 547595
698 552651
699 552891
700 470820
701 475693
702 476236
703 482882
704 516459
705 516851
706 520366
707 525236
708 558754
709 564637
710 565895
711 571486
712 491681
713 492941
714 493032
715 497672
716 461319
717 468998
718 469210
719 469789
720 571514
721 576925
722 578567
723 579408
724 416712
725 418965
726 424323
727 424569
728 477663
729 479438
730 481292
731 484208
732 530473
733 530501
734 530811
735 537475
736 494804
737 497068
738 497828
739 498997
740 482592
741 484412
742 487039
743 487046
744 452713
745 461307
746 463008
747 470422
748 490481
749 495631
750 496322
751 501887
752 473203
753 474728
754 474819
755 479516
756 508884
757 512035
758 514737
759 516301
760 534810
761 537947
762 537984
763 545792
764 528144
765 530579
766 530864
767 533454
768 516793
769 517703
770 519619
771 524016
772 556131
773 559462
774 561300
775 567329
776 500738
777 503473
778 507218
779 508545
780 470440
781 472578
782 474265
783 476534
784 499298
785 503235
786 506302
787 507246
788 435836
789 435847
790 437196
791 438860
792 480932
793 481954
794 485692
795 488313
796 546240
797 546507
798 550273
799 550891
800 492189
801 492900
802 493225
803 498642
804 503104
805 510902
806 511191
807 513483
808 517334
809 523752
810 524855
811 527838
812 515431
813 522269
814 522488
815 524917
816 521516
817 522757
818 526244
819 526521
820 529926
821 534220
822 534487
823 535598
824 542586
825 543290
826 543363
827 548361
828 462422
829 468319
830 471309
831 477587
832 553663
833 554449
834 557475
835 560728
836 490694
837 497508
838 501731
839 504493
840 478902
841 484767
842 485062
843 491933
844 585757
845 588225
846 591402
847 591827
848 570484
849 574720
850 578573
851 580422
852 489167
853 491300
854 493810
855 495618
856 542860
857 544400
858 544513
859 549435
860 491008
861 495066
862 495169
863 495955
864 503319
865 505163
866 508468
867 509047
868 543515
869 546327
870 548506
871 553755
872 513710
873 515374
874 518114
875 523146
876 471851
877 473588
878 479761
879 480210
880 479421
881 479680
882 485176
883 488330
884 461406
885 467912
886 468573
887 469190
888 496735
889 499470
890 502192
891 505681
892 525862
893 530491
894 533950
895 534898
896 458732
897 461539
898 466280
899 466850
900 481373
901 485223
902 491244
903 492192
904 489695
905 492474
906 495445
907 497324
908 550581
909 555514
910 558002
911 559666
912 481905
913 488410
914 493247
915 494041
916 521851
917 526316
918 527818
919 528416
920 537585
921 538126
922 538857
923 539385
924 497486
925 498008
926 501959
927 505055
928 456756
929 457536
930 459832
931 463528
932 534353
933 534441
934 538723
935 540589
936 542914
937 544035
938 544379
939 549771
940 476840
941 480827
942 481275
943 482764
944 509322
945 509691
946 510218
947 518443
948 520065
949 524249
950 525232
951 527292
952 475546
953 479800
954 480174
955 481016
956 539639
957 539887
958 542096
959 545379
960 495045
961 496500
962 496976
963 497881
964 530763
965 531301
966 538602
967 538903
968 516438
969 519990
970 522055
971 528808
972 535784
973 537916
974 537993
975 539406
976 563595
977 569457
978 571261
979 576959
980 504298
981 507503
982 509151
983 511082
984 499303
985 505331
986 508454
987 511658
988 478682
989 481132
990 481397
991 486230
992 532944
993 535795
994 536832
995 540496
996 531339
997 532675
998 532959
999 535468
1000 539788
1001 545944
1002 547679
1003 550301
1004 519738
1005 525965
1006 527661
1007 528696
1008 448939
1009 449130
1010 449717
1011 451443
1012 492961
1013 495627
1014 495846
1015 499782
1016 557191
1017 559458
1018 563822
1019 566206
1020 520955
1021 523546
1022 526896
1023 530706
1024 525270
1025 525452
1026 525863
1027 529315
1028 504983
1029 509580
1030 515627
1031 517778
1032 494808
1033 496584
1034 497993
1035 500910
1036 523580
1037 525191
1038 525839
1039 526958
1040 494067
1041 496955
1042 501482
1043 502581
1044 484174
1045 484974
1046 487729
1047 490497
1048 490455
1049 497664
1050 499009
1051 504135
1052 512579
1053 518181
1054 521442
1055 522768
1056 528040
1057 531895
1058 535667
1059 539592
1060 519549
1061 527038
1062 527912
1063 529272
1064 565160
1065 567723
1066 569397
1067 572486
1068 492378
1069 496009
1070 497669
1071 498146
1072 573513
1073 573838
1074 574120
1075 578607
1076 449055
1077 453905
1078 454621
1079 456375
1080 517679
1081 517890
1082 519126
1083 519875
1084 493392
1085 497791
1086 500693
1087 507160
1088 478174
1089 479516
1090 480546
1091 480834
1092 507882
1093 508632
1094 509595
1095 510135
1096 501557
1097 503094
1098 504043
1099 506042
1100 518480
1101 520119
1102 524141
1103 525023
1104 496920
1105 500086
1106 503126
1107 506536
1108 512192
1109 518133
1110 519961
1111 523737
1112 493546
1113 493754
1114 495336
1115 501336
1116 516862
1117 516896
1118 520948
1119 521504
1120 509663
1121 512370
1122 515671
1123 517592
1124 489065
1125 490381
1126 494678
1127 498860
1128 485311
1129 486323
1130 488930
1131 489406
1132 527970
1133 530154
1134 532049
1135 535160
1136 489682
1137 492580
1138 494018
1139 497275
1140 524831
1141 527844
1142 528013
1143 529235
1144 518037
1145 523100
1146 524938
1147 527560
1148 499982
1149 502719
1150 505359
1151 511930
1152 467789
1153 474336
1154 476968
1155 485515
1156 444684
1157 449837
1158 450587
1159 451551
1160 499907
1161 503257
1162 504501
1163 505817
1164 481972
1165 487486
1166 487986
1167 492569
1168 526320
1169 526545
1170 532569
1171 534126
1172 514476
1173 518563
1174 519160
1175 519946
1176 507181
1177 508612
1178 509988
1179 515024
1180 523835
1181 525595
1182 529564
1183 529925
1184 508532
1185 508914
1186 509590
1187 512345
1188 493357
1189 495092
1190 497339
1191 499940
1192 534629
1193 534774
1194 534947
1195 541275
1196 522581
1197 524331
1198 526981
1199 532280
1200 503635
1201 507233
1202 509322
1203 511517
1204 484534
1205 485401
1206 488188
1207 489485
1208 488672
1209 491488
1210 493263
1211 495375
1212 522616
1213 525118
1214 525387
1215 527848
1216 493942
1217 494705
1218 497865
1219 500979
1220 491375
1221 494105
1222 496759
1223 497387
1224 548478
1225 556189
1226 556657
1227 558381
1228 478957
1229 481150
1230 481641
1231 488958
1232 515968
1233 518670
1234 520475
1235 521950
1236 492505
1237 494555
1238 495536
1239 500512
1240 473924
1241 476205
1242 477637
1243 482276
1244 517414
1245 521285
1246 523386
1247 529091
1248 478427
1249 480872
1250 481706
1251 483418
1252 497636
1253 500153
1254 502063
1255 504744
1256 434165
1257 437778
1258 439671
1259 442369
1260 478005
1261 483486
1262 485016
1263 485115
1264 527801
1265 528896
1266 530915
1267 537743
1268 481634
1269 484725
1270 484968
1271 490199
1272 492975
1273 495140
1274 496274
1275 496576
1276 506661
1277 512190
1278 512737
1279 513767
1280 518260
1281 518646
1282 521678
1283 525279
1284 504704
1285 508647
1286 512952
1287 520271
1288 532735
1289 533593
1290 533652
1291 538523
1292 469340
1293 470489
1294 471575
1295 476578
1296 498459
1297 498508
1298 498642
1299 506646
1300 528752
1301 533680
1302 537780
1303 538091
1304 490071
1305 490862
1306 494306
1307 495237
1308 518681
1309 519383
1310 521186
1311 525405
1312 546488
1313 551988
1314 556593
1315 558561
1316 521991
1317 522150
1318 522663
1319 522769
1320 529729
1321 532603
1322 535996
1323 538065
1324 506251
1325 507306
1326 509084
1327 512129
1328 498309
1329 501894
1330 502073
1331 503741
1332 549137
1333 554124
1334 555315
1335 557151
1336 485146
1337 490223
1338 492613
1339 493794
1340 477610
1341 480292
1342 481081
1343 482574
1344 506629
1345 506863
1346 507191
1347 509488
1348 548909
1349 550145
1350 550788
1351 554429
1352 488775
1353 489561
1354 493079
1355 498248
1356 522334
1357 523616
1358 528000
1359 530513
1360 511015
1361 515889
1362 519124
1363 519283
1364 521222
1365 522745
1366 522756
1367 526136
1368 515837
1369 516082
1370 518586
1371 524875
1372 467714
1373 468911
1374 470549
1375 473279
1376 507792
1377 508802
1378 511250
1379 515060
1380 479727
1381 479796
1382 486036
1383 487825
1384 498305
1385 502312
1386 502482
1387 507747
1388 441195
1389 443086
1390 443316
1391 447413
1392 515281
1393 518125
1394 522170
1395 523549
1396 556260
1397 562650
1398 564411
1399 565686
1400 525905
1401 528746
1402 530076
1403 537041
1404 512692
1405 519933
1406 520288
1407 527234
1408 532134
1409 534120
1410 535358
1411 538562
1412 519743
1413 523823
1414 526414
1415 531625
1416 447691
1417 456624
1418 457410
1419 459631
1420 543982
1421 545110
1422 548178
1423 548604
1424 506459
1425 509720
1426 510411
1427 512502
1428 523808
1429 525518
1430 526224
1431 527867
1432 488136
1433 492954
1434 496067
1435 497101
1436 506179
1437 509091
1438 509341
1439 511534
1440 498477
1441 500971
1442 501284
1443 506119
1444 460448
1445 464053
1446 465965
1447 466301
1448 465518
1449 470377
1450 471212
1451 475805
1452 475447
1453 475781
1454 477741
1455 483220
1456 516482
1457 516503
1458 517953
1459 518059
1460 455773
1461 456092
1462 459896
1463 465627
1464 475080
1465 477190
1466 477854
1467 480767
1468 453905
1469 455497
1470 458155
1471 462157
1472 502785
1473 505385
1474 507779
1475 510878
1476 487921
1477 488773
1478 489797
1479 490037
1480 470876
1481 471517
1482 472221
1483 477699
1484 524142
1485 529255
1486 530112
1487 537576
1488 530614
1489 533228
1490 534973
1491 535610
1492 520872
1493 523196
1494 524237
1495 528301
1496 505016
1497 505961
1498 508321
1499 510021
1500 521342
1501 522510
1502 522744
1503 527970
1504 507941
1505 508209
1506 509238
1507 510116
1508 499320
1509 505195
1510 508673
1511 509450
1512 489012
1513 494114
1514 498097
1515 499815
1516 571787
1517 572473
1518 575193
1519 575733
1520 537256
1521 540793
1522 541549
1523 542330
1524 401559
1525 409206
1526 410034
1527 411583
1528 478726
1529 487540
1530 488003
1531 490221
1532 477613
1533 478683
1534 481895
1535 484092
1536 510345
1537 511186
1538 511190
1539 512821
1540 543398
1541 546093
1542 547103
1543 553779
1544 540592
1545 543958
1546 546783
1547 548973
1548 465812
1549 467690
1550 472378
1551 473511
1552 467643
1553 471684
1554 473905
1555 474557
1556 492682
1557 493800
1558 495502
1559 505108
1560 510623
1561 517971
1562 521023
1563 522234
1564 475457
1565 476670
1566 478873
1567 483723
1568 479655
1569 482815
1570 487486
1571 492253
1572 516092
1573 520525
1574 522489
1575 522594
1576 467622
1577 467833
1578 474273
1579 475888
1580 529073
1581 529739
1582 530594
1583 534013
1584 485703
1585 488683
1586 491777
1587 496743
1588 564299
1589 565258
1590 567464
1591 568963
1592 545123
1593 551810
1594 553635
1595 558149
1596 491127
1597 491605
1598 493897
1599 497797
1600 466119
1601 467052
1602 468953
1603 472826
1604 530245
1605 530969
1606 533012
1607 537804
1608 503028
1609 507568
1610 507895
1611 508621
1612 496051
1613 500119
1614 501658
1615 506601
1616 509468
1617 513117
1618 513497
1619 516951
1620 514260
1621 521831
1622 524704
1623 529483
1624 478108
1625 479811
1626 480481
1627 487914
1628 479249
1629 480963
1630 486537
1631 489938
1632 554204
1633 560170
1634 562397
1635 564017
1636 509593
1637 517303
1638 518182
1639 520008
1640 519050
1641 526766
1642 527051
1643 529903
1644 456197
1645 463303
1646 464775
1647 467837
1648 443847
1649 448887
1650 449706
1651 452495
1652 455380
1653 457926
1654 459758
1655 461382
1656 518786
1657 520335
1658 521333
1659 522626
1660 524994
1661 525619
1662 530123
1663 530434
1664 502489
1665 504301
1666 506755
1667 508155
1668 460611
1669 466903
1670 468534
1671 476424
1672 559453
1673 566428
1674 567089
1675 568756
1676 481988
1677 483365
1678 487454
1679 488344
1680 502107
1681 508048
1682 509073
1683 516759
1684 550877
1685 558851
1686 558900
1687 559070
1688 552713
1689 555708
1690 556723
1691 560019
1692 464561
1693 469951
1694 471267
1695 472464
1696 510926
1697 512964
1698 514975
1699 517982
1700 546518
1701 546833
1702 547307
1703 547353
1704 469678
1705 473334
1706 473618
1707 477922
1708 476604
1709 481643
1710 481767
1711 483527
1712 470926
1713 472358
1714 475778
1715 476868
1716 575191
1717 581345
1718 581353
1719 588147
1720 495361
1721 500113
1722 502590
1723 506835
1724 493509
1725 493662
1726 499599
1727 502234
1728 495139
1729 495319
1730 496404
1731 501546
1732 462992
1733 464893
1734 465319
1735 466870
1736 461798
1737 462537
1738 465014
1739 466465
1740 549956
1741 554696
1742 555890
1743 557393
1744 484349
1745 488942
1746 490957
1747 491195
1748 514697
1749 521653
1750 523257
1751 523470
1752 518397
1753 518717
1754 521996
1755 527136
1756 477992
1757 478524
1758 479516
1759 479600
1760 509708
1761 513278
1762 513516
1763 516354
1764 528033
1765 536062
1766 536663
1767 536934
1768 502323
1769 503403
1770 505412
1771 507027
1772 510198
1773 510752
1774 510976
1775 519839
1776 529252
1777 531419
1778 534398
1779 534473
1780 502183
1781 505474
1782 509233
1783 514165
1784 499650
1785 503495
1786 505205
1787 508467
1788 444811
1789 446768
1790 446846
1791 454261
1792 530821
1793 531212
1794 531278
1795 536130
1796 492124
1797 492791
1798 493149
1799 494915
1800 567617
1801 568322
1802 570699
1803 573154
1804 503785
1805 504907
1806 510191
1807 511630
1808 456182
1809 459044
1810 459241
1811 463764
1812 494641
1813 496227
1814 500322
1815 501702
1816 444484
1817 447069
1818 450641
1819 453825
1820 489365
1821 495311
1822 495654
1823 499677
1824 532083
1825 539412
1826 540620
1827 541422
1828 561155
1829 562728
1830 564442
1831 569922
1832 512862
1833 515601
1834 515981
1835 516930
1836 468923
1837 474188
1838 474358
1839 474393
1840 485049
1841 485565
1842 489536
1843 493855
1844 504428
1845 506883
1846 507553
1847 509928
1848 483643
1849 486447
1850 487040
1851 491966
1852 511280
1853 519453
1854 519966
1855 522536
1856 485442
1857 488471
1858 490825
1859 491316
1860 490430
1861 491693
1862 495498
1863 495727
1864 443931
1865 448962
1866 451525
1867 454587
1868 519356
1869 521657
1870 522523
1871 523046
1872 458544
1873 460929
1874 463358
1875 466051
1876 471469
1877 474461
1878 475883
1879 477224
1880 491817
1881 496000
1882 497014
1883 497766
1884 554182
1885 557164
1886 562213
1887 567530
1888 433787
1889 436394
1890 439687
1891 442518
1892 540041
1893 541406
1894 542236
1895 546659
1896 464837
1897 469463
1898 472937
1899 480894
1900 426434
1901 426498
1902 426521
1903 428873
1904 486552
1905 487332
1906 490476
1907 493353
1908 527976
1909 528334
1910 531663
1911 533150
1912 550154
1913 554528
1914 558647
1915 559194
1916 496620
1917 501791
1918 502707
1919 507709
1920 469521
1921 471979
1922 474639
1923 475454
1924 538185
1925 541025
1926 541057
1927 548517
1928 502939
1929 503815
1930 504351
1931 504617
1932 554107
1933 554173
1934 555605
1935 556657
1936 497265
1937 500604
1938 500892
1939 502876
1940 575747
1941 576126
1942 577036
1943 581278
1944 466820
1945 470744
1946 471133
1947 473298
1948 499583
1949 500470
1950 502303
1951 510931
1952 496354
1953 501501
1954 501707
1955 503408
1956 521262
1957 527311
1958 534415
1959 535007
1960 493257
1961 495691
1962 498357
1963 498438
1964 528426
1965 528867
1966 532260
1967 534477
1968 495440
1969 495724
1970 499366
1971 500050
1972 485000
1973 489211
1974 497082
1975 497830
1976 552007
1977 552859
1978 553782
1979 559591
1980 464801
1981 470796
1982 474018
1983 482795
1984 522787
1985 523401
1986 523787
1987 525465
1988 511115
1989 512257
1990 514212
1991 515046
1992 502796
1993 505396
1994 505726
1995 511738
1996 552109
1997 552689
1998 554814
1999 561012
2000 481204
2001 485738
2002 488142
2003 488453
2004 480442
2005 480705
2006 483432
2007 484560
2008 538561
2009 541347
2010 542962
2011 547177
2012 534436
2013 534779
2014 535359
2015 538742
2016 487032
2017 489842
2018 490499
2019 500146
2020 471292
2021 474964
2022 476084
2023 478659
2024 476679
2025 478432
2026 479748
2027 480231
2028 547961
2029 553199
2030 556102
2031 561682
2032 485830
2033 491449
2034 491803
2035 500892
2036 448818
2037 452549
2038 453000
2039 457381
2040 505422
2041 508189
2042 508327
2043 510406
2044 518037
2045 518194
2046 519877
2047 524431
2048 515053
2049 517273
2050 518124
2051 521907
2052 553246
2053 553700
2054 556436
2055 558548
2056 448977
2057 449233
2058 452354
2059 452853
2060 524043
2061 529140
2062 529365
2063 531810
2064 487936
2065 490914
2066 492840
2067 496057
2068 468768
2069 470929
2070 473707
2071 474892
2072 516296
2073 519666
2074 522081
2075 524534
2076 519295
2077 520428
2078 521958
2079 524605
2080 473518
2081 481062
2082 483641
2083 484899
2084 503330
2085 505411
2086 506908
2087 509121
2088 540195
2089 542213
2090 547430
2091 550919
2092 546395
2093 547010
2094 547708
2095 554038
2096 506156
2097 508176
2098 509387
2099 511434
2100 489302
2101 491292
2102 494536
2103 495200
2104 545240
2105 546583
2106 548101
2107 552618
2108 476340
2109 482457
2110 483586
2111 486934
2112 461723
2113 465177
2114 465702
2115 471123
2116 524710
2117 527572
2118 527968
2119 529068
2120 471164
2121 471410
2122 474570
2123 480164
2124 521363
2125 524857
2126 527331
2127 529136
2128 529971
2129 531019
2130 534133
2131 534325
2132 476275
2133 477292
2134 477732
2135 481158
2136 510956
2137 513208
2138 515559
2139 519837
2140 504151
2141 512426
2142 512963
2143 519187
2144 495307
2145 499345
2146 499950
2147 505712
2148 493255
2149 500204
2150 501078
2151 506873
2152 518073
2153 519253
2154 519338
2155 527187
2156 526613
2157 530742
2158 534245
2159 536064
2160 551770
2161 552552
2162 555823
2163 560521
2164 544224
2165 546878
2166 547617
2167 550331
2168 547769
2169 548395
2170 551450
2171 553641
2172 491817
2173 498512
2174 498656
2175 503300
2176 574306
2177 578998
2178 580931
2179 583239
2180 491592
2181 492167
2182 496001
2183 500643
2184 479989
2185 483476
2186 484486
2187 486446
2188 526672
2189 527540
2190 529062
2191 535221
2192 472297
2193 472464
2194 475855
2195 476603
2196 461837
2197 467398
2198 467803
2199 473393
2200 571802
2201 573940
2202 578254
2203 578680
2204 499131
2205 499569
2206 500226
2207 506692
2208 465318
2209 466030
2210 467396
2211 470659
2212 501144
2213 502697
2214 503401
2215 508846
2216 464815
2217 465948
2218 466435
2219 472080
2220 513065
2221 518601
2222 518861
2223 523452
2224 505038
2225 506150
2226 509442
2227 509992
2228 565381
2229 565968
2230 566088
2231 572413
2232 482951
2233 489783
2234 494224
2235 494691
2236 567516
2237 571306
2238 574278
2239 579164
2240 546628
2241 547686
2242 548128
2243 554350
2244 545724
2245 547930
2246 550121
2247 554215
2248 484871
2249 490964
2250 494802
2251 497284
2252 532854
2253 534105
2254 538720
2255 538747
2256 498399
2257 498413
2258 500002
2259 502573
2260 506989
2261 508510
2262 511070
2263 517144
2264 491388
2265 494018
2266 494836
2267 495911
2268 548495
2269 551573
2270 554543
2271 555416
2272 483665
2273 486754
2274 492224
2275 501704
2276 550566
2277 550639
2278 553056
2279 553848
2280 475037
2281 478003
2282 479414
2283 483876
2284 489948
2285 491708
2286 492434
2287 492778
2288 482286
2289 484453
2290 487328
2291 492858
2292 534456
2293 535066
2294 538546
2295 546968
2296 492867
2297 493616
2298 499795
2299 505067
2300 482800
2301 489862
2302 493107
2303 493604
2304 528407
2305 535956
2306 536342
2307 541277
2308 444300
2309 447746
2310 448538
2311 451098
2312 500505
2313 502184
2314 506910
2315 507397
2316 526128
2317 527240
2318 527779
2319 528345
2320 482374
2321 485967
2322 491180
2323 495138
2324 506496
2325 506896
2326 514170
2327 516150
2328 482122
2329 482520
2330 484729
2331 490656
2332 505244
2333 511504
2334 513060
2335 516409
2336 562683
2337 566712
2338 567570
2339 572856
2340 505814
2341 513468
2342 516093
2343 522624
2344 467433
2345 471976
2346 473028
2347 476569
2348 487243
2349 488658
2350 491066
2351 492834
2352 484206
2353 484681
2354 485005
2355 489200
2356 528129
2357 528812
2358 530027
2359 531058
2360 463213
2361 467970
2362 468141
2363 474652
2364 504993
2365 508023
2366 510786
2367 515743
2368 549352
2369 550590
2370 551083
2371 552649
2372 524016
2373 530712
2374 530867
2375 531856
2376 502263
2377 507679
2378 510893
2379 512707
2380 544362
2381 550842
2382 551347
2383 552277
2384 430455
2385 432782
2386 433301
2387 441165
2388 524563
2389 524871
2390 525620
2391 528680
2392 508289
2393 512302
2394 512771
2395 513595
2396 545167
2397 545468
2398 553706
2399 553919
2400 444069
2401 447053
2402 453279
2403 453296
2404 538323
2405 543023
2406 543054
2407 543170
2408 463676
2409 469664
2410 470662
2411 474091
2412 525646
2413 529206
2414 531159
2415 540222
2416 508547
2417 510726
2418 511903
2419 514004
2420 552870
2421 554508
2422 555669
2423 556440
2424 480555
2425 480655
2426 481941
2427 490104
2428 404193
2429 406985
2430 408337
2431 410632
2432 586705
2433 587618
2434 591306
2435 593270
2436 534118
2437 534877
2438 535010
2439 535248
2440 498490
2441 500253
2442 503340
2443 506854
2444 438445
2445 438760
2446 446264
2447 448131
2448 497641
2449 497699
2450 497972
2451 503195
2452 527357
2453 532001
2454 532065
2455 534971
2456 470364
2457 471284
2458 474157
2459 478341
2460 509012
2461 514441
2462 516171
2463 517701
2464 527006
2465 528740
2466 530157
2467 533328
2468 532294
2469 537290
2470 538666
2471 539670
2472 530490
2473 531865
2474 534295
2475 534796
2476 519634
2477 521616
2478 525505
2479 526166
2480 495229
2481 495239
2482 498251
2483 499957
2484 529957
2485 530692
2486 530701
2487 537520
2488 562001
2489 562525
2490 565883
2491 570809
2492 469886
2493 473712
2494 475188
2495 478428
2496 485886
2497 486116
2498 489262
2499 492592
2500 494732
2501 497343
2502 497711
2503 499611
2504 484324
2505 485669
2506 487016
2507 492001
2508 429508
2509 430823
2510 431223
2511 433754
2512 522617
2513 526315
2514 526991
2515 527719
2516 486063
2517 489801
2518 492006
2519 493443
2520 512199
2521 512424
2522 513096
2523 515867
2524 485256
2525 486642
2526 488362
2527 491694
2528 483084
2529 484887
2530 486517
2531 490700
2532 520455
2533 521345
2534 528921
2535 536319
2536 482026
2537 486614
2538 486882
2539 487922
2540 466566
2541 473084
2542 474223
2543 478954
2544 515894
2545 522228
2546 522786
2547 528617
2548 448591
2549 454838
2550 454853
2551 463021
2552 541646
2553 547896
2554 549224
2555 554678
2556 530346
2557 532279
2558 535036
2559 538438
2560 476264
2561 476882
2562 480882
2563 482590
2564 529633
2565 531781
2566 532099
2567 535065
2568 482070
2569 482421
2570 482727
2571 488913
2572 524885
2573 525917
2574 525958
2575 526795
2576 543559
2577 543763
2578 545948
2579 552221
2580 481321
2581 483886
2582 486552
2583 488511
2584 508146
2585 510303
2586 511340
2587 515905
2588 481597
2589 486239
2590 486249
2591 486380
2592 494482
2593 496443
2594 501612
2595 501630
2596 519291
2597 521017
2598 527390
2599 528179
2600 543604
2601 550889
2602 551940
2603 559501
2604 457199
2605 460585
2606 464570
2607 467970
2608 464877
2609 465548
2610 466675
2611 468656
2612 515726
2613 520734
2614 521831
2615 523783
2616 510949
2617 518995
2618 524801
2619 527308
2620 474170
2621 481099
2622 482155
2623 482592
2624 434522
2625 438135
2626 439491
2627 440277
2628 489557
2629 490346
2630 492454
2631 492735
2632 493849
2633 494340
2634 496734
2635 499783
2636 514000
2637 515742
2638 517912
2639 521771
2640 506001
2641 513874
2642 515071
2643 520092
2644 522798
2645 526095
2646 527070
2647 529035
2648 499236
2649 499458
2650 499921
2651 500886
2652 538079
2653 538512
2654 540767
2655 543066
2656 517762
2657 526496
2658 528519
2659 529049
2660 499426
2661 502879
2662 506449
2663 510140
2664 569500
2665 570442
2666 570932
2667 570964
2668 478251
2669 480598
2670 483401
2671 484930
2672 533119
2673 533132
2674 541353
2675 542476
2676 526360
2677 526859
2678 531599
2679 534538
2680 497523
2681 499607
2682 502586
2683 504694
2684 506948
2685 507655
2686 510136
2687 513470
2688 534412
2689 537281
2690 538926
2691 539133
2692 560450
2693 563828
2694 568248
2695 568499
2696 512997
2697 513900
2698 520689
2699 522040
2700 490696
2701 491713
2702 493148
2703 498099
2704 533354
2705 535606
2706 536677
2707 538726
2708 471784
2709 478455
2710 480541
2711 482662
2712 462779
2713 466121
2714 467718
2715 468425
2716 528424
2717 529416
2718 529590
2719 534106
2720 506503
2721 509781
2722 509834
2723 516392
2724 466545
2725 474613
2726 476401
2727 476989
2728 555347
2729 558281
2730 560755
2731 562749
2732 488472
2733 488499
2734 489909
2735 492108
2736 547626
2737 547740
2738 549466
2739 555536
2740 454664
2741 460453
2742 462985
2743 463837
2744 456589
2745 459104
2746 465015
2747 465124
2748 477679
2749 478984
2750 483178
2751 484623
2752 515420
2753 515896
2754 518305
2755 523110
2756 555561
2757 556443
2758 557529
2759 558903
2760 510715
2761 516437
2762 521120
2763 524932
2764 479084
2765 482689
2766 484764
2767 486760
2768 483207
2769 483502
2770 484312
2771 490703
2772 466167
2773 470219
2774 473910
2775 477163
2776 465926
2777 466109
2778 469038
2779 470898
2780 497005
2781 498804
2782 500231
2783 503582
2784 503370
2785 503570
2786 508378
2787 510166
2788 489546
2789 491018
2790 491800
2791 492659
2792 579509
2793 581522
2794 583597
2795 584174
2796 459186
2797 463335
2798 464291
2799 464919
2800 508822
2801 514040
2802 515327
2803 518726
2804 494610
2805 498332
2806 498336
2807 499351
2808 483624
2809 485391
2810 492322
2811 497532
2812 492781
2813 496069
2814 501334
2815 506463
2816 563416
2817 563789
2818 566619
2819 567912
2820 503007
2821 506004
2822 506307
2823 507248
2824 506763
2825 507569
2826 507761
2827 511372
2828 522965
2829 524649
2830 529805
2831 532208
2832 525386
2833 530261
2834 531603
2835 534508
2836 464281
2837 471162
2838 472327
2839 475936
2840 517182
2841 520343
2842 525914
2843 526923
2844 448561
2845 451521
2846 452113
2847 454415
2848 458527
2849 459057
2850 463328
2851 465000
2852 489370
2853 493252
2854 494649
2855 494720
2856 503701
2857 507552
2858 512656
2859 516075
2860 457765
2861 460565
2862 462469
2863 471412
2864 511924
2865 512234
2866 512789
2867 517381
2868 543478
2869 543737
2870 548233
2871 552885
2872 473839
2873 480660
2874 482922
2875 489010
2876 532333
2877 532754
2878 532989
2879 539662
2880 541517
2881 542172
2882 543652
2883 545524
2884 518319
2885 521675
2886 522614
2887 531239
2888 521714
2889 521919
2890 524311
2891 525678
2892 520879
2893 522469
2894 522576
2895 524324
2896 525752
2897 527691
2898 528906
2899 530817
2900 575744
2901 577556
2902 579064
2903 579364
2904 523707
2905 529168
2906 530962
2907 531765
2908 502454
2909 505684
2910 507459
2911 508298
2912 468095
2913 471220
2914 476744
2915 478778
2916 471967
2917 474535
2918 478097
2919 484666
2920 523476
2921 524615
2922 525963
2923 526692
2924 539280
2925 543908
2926 544706
2927 546590
2928 477843
2929 479090
2930 481491
2931 486959
2932 488931
2933 491445
2934 492668
2935 494886
2936 513281
2937 517819
2938 521380
2939 522294
2940 504669
2941 507030
2942 507332
2943 508198
2944 545296
2945 547558
2946 547910
2947 551344
2948 495559
2949 498417
2950 500815
2951 502432
2952 485331
2953 487142
2954 491060
2955 497228
2956 508529
2957 513578
2958 515086
2959 517177
2960 536658
2961 537414
2962 538424
2963 546166
2964 484520
2965 484588
2966 486465
2967 488607
2968 531712
2969 535635
2970 539371
2971 545882
2972 486153
2973 486162
2974 488345
2975 491987
2976 564997
2977 565841
2978 568260
2979 574149
2980 503559
2981 506256
2982 507541
2983 510883
2984 483565
2985 486973
2986 487056
2987 487128
2988 540619
2989 544967
2990 545168
2991 551465
2992 538869
2993 543932
2994 546159
2995 549990
2996 538061
2997 539260
2998 539708
2999 544305
3000 523678
3001 524197
3002 529767
3003 530984
3004 521542
3005 524891
3006 525234
3007 526074
3008 549483
3009 550372
3010 553332
3011 556111
3012 419350
3013 423011
3014 426857
3015 430509
3016 511061
3017 513061
3018 513827
3019 514154
3020 512483
3021 515144
3022 517361
3023 517661
3024 503691
3025 511402
3026 516459
3027 519568
3028 524852
3029 526704
3030 529028
3031 532547
3032 524428
3033 529666
3034 530930
3035 535322
3036 510555
3037 514461
3038 515768
3039 524062
3040 521252
3041 523816
3042 524070
3043 528230
3044 466494
3045 471812
3046 472795
3047 473598
3048 535816
3049 535971
3050 536300
3051 539432
3052 498017
3053 498107
3054 500814
3055 501116
3056 479483
3057 484373
3058 484479
3059 484623
3060 520682
3061 523065
3062 523863
3063 528397
3064 512805
3065 513364
3066 513575
3067 517889
3068 486475
3069 489631
3070 490428
3071 494005
3072 486630
3073 491517
3074 492042
3075 492578
3076 540965
3077 542624
3078 545630
3079 546741
3080 510349
3081 511564
3082 512482
3083 516759
3084 539521
3085 539533
3086 545164
3087 546207
3088 497526
3089 502664
3090 502977
3091 509017
3092 492049
3093 494001
3094 495352
3095 499192
3096 569276
3097 570909
3098 570941
3099 577506
3100 474567
3101 474700
3102 475400
3103 479650
3104 503034
3105 504294
3106 505221
3107 506771
3108 562128
3109 562758
3110 563546
3111 570207
3112 602143
3113 605784
3114 606162
3115 606425
3116 486326
3117 490686
3118 491849
3119 498369
3120 537142
3121 543036
3122 545303
3123 547251
3124 497053
3125 498907
3126 500037
3127 506305
3128 522529
3129 522852
3130 524357
3131 532352
3132 550089
3133 553195
3134 554031
3135 554476
3136 511557
3137 514926
3138 515230
3139 522568
3140 521848
3141 525856
3142 529317
3143 534220
3144 485814
3145 493807
3146 495767
3147 497684
3148 503964
3149 504229
3150 504858
3151 506877
3152 526055
3153 531421
3154 532359
3155 534310
3156 521415
3157 524040
3158 529548
3159 530262
3160 492581
3161 494764
3162 498131
3163 501019
3164 552809
3165 555100
3166 555545
3167 561908
3168 500758
3169 505058
3170 506929
3171 507456
3172 512906
3173 520255
3174 520393
3175 521866
3176 477539
3177 478385
3178 481629
3179 486446
3180 509419
3181 514543
3182 517262
3183 520686
3184 488030
3185 488927
3186 491226
3187 492775
3188 451766
3189 453853
3190 454118
3191 456311
3192 420171
3193 422837
3194 428484
3195 429621
3196 511123
3197 515626
3198 519821
3199 523428
3200 443898
3201 445963
3202 446349
3203 447647
3204 575616
3205 577411
3206 578670
3207 583174
3208 481822
3209 484171
3210 485154
3211 485308
3212 493943
3213 499777
3214 501028
3215 503944
3216 540099
3217 542114
3218 546559
3219 548694
3220 485792
3221 492430
3222 492497
3223 492747
3224 507678
3225 507705
3226 509216
3227 510011
3228 494363
3229 502550
3230 503447
3231 511175
3232 532713
3233 540061
3234 542685
3235 545109
3236 459616
3237 460343
3238 460961
3239 461120
3240 452009
3241 460960
3242 462309
3243 465364
3244 457890
3245 459287
3246 465100
3247 467740
3248 424506
3249 429640
3250 431530
3251 432954
3252 486512
3253 489913
3254 490767
3255 490815
3256 559551
3257 560222
3258 563136
3259 566521
3260 533490
3261 534222
3262 537881
3263 539840
3264 538754
3265 542458
3266 542682
3267 546420
3268 471045
3269 472933
3270 476412
3271 479213
3272 450560
3273 451216
3274 451399
3275 457412
3276 464013
3277 465870
3278 466796
3279 467025
3280 473493
3281 473701
3282 475364
3283 478575
3284 555046
3285 558954
3286 560277
3287 562590
3288 549151
3289 550915
3290 555540
3291 563623
3292 505318
3293 507576
3294 508706
3295 511260
3296 498213
3297 498426
3298 499794
3299 509250
3300 502855
3301 506906
3302 507680
3303 512271
3304 501167
3305 504879
3306 506892
3307 507202
3308 502279
3309 507383
3310 510518
3311 512957
3312 528131
3313 530087
3314 532094
3315 539948
3316 453004
3317 457326
3318 458971
3319 463158
3320 467034
3321 467397
3322 471145
3323 472458
3324 539648
3325 544340
3326 548815
3327 550968
3328 484197
3329 492022
3330 494343
3331 495095
3332 553976
3333 556545
3334 558618
3335 559396
3336 469619
3337 470345
3338 471539
3339 474912
3340 499718
3341 508374
3342 511862
3343 515240
3344 522723
3345 523874
3346 528582
3347 528924
3348 472733
3349 474851
3350 476793
3351 481427
3352 532539
3353 532717
3354 533904
3355 534224
3356 539559
3357 540030
3358 541087
3359 543706
3360 481879
3361 484477
3362 484537
3363 486106
3364 495306
3365 495522
3366 497666
3367 498439
3368 489318
3369 490246
3370 494390
3371 495484
3372 497274
3373 499128
3374 501398
3375 502170
3376 479187
3377 481830
3378 485148
3379 492009
3380 497695
3381 497938
3382 499438
3383 500834
3384 478290
3385 480684
3386 482816
3387 483704
3388 553498
3389 555856
3390 561502
3391 562003
3392 549285
3393 554196
3394 556875
3395 557648
3396 451434
3397 457244
3398 459628
3399 463978
3400 546629
3401 549560
3402 551023
3403 558938
3404 555801
3405 557495
3406 557572
3407 558037
3408 532015
3409 533356
3410 533846
3411 534520
3412 576641
3413 580141
3414 580647
3415 581553
3416 466102
3417 466341
3418 468734
3419 473687
3420 556447
3421 558564
3422 560161
3423 560318
3424 469277
3425 469323
3426 472582
3427 474529
3428 577331
3429 580217
3430 580345
3431 585459
3432 478936
3433 480751
3434 481326
3435 484725
3436 601386
3437 601556
3438 606091
3439 607325
3440 497582
3441 504564
3442 504802
3443 507116
3444 480997
3445 488955
3446 492576
3447 493583
3448 496292
3449 496596
3450 496897
3451 502381
3452 524568
3453 525856
3454 528245
3455 528268
3456 444499
3457 445994
3458 446675
3459 450746
3460 511174
3461 511194
3462 516215
3463 516743
3464 547664
3465 551493
3466 551877
3467 552340
3468 479892
3469 480369
3470 482426
3471 483015
3472 461626
3473 462912
3474 463700
3475 465407
3476 450451
3477 456164
3478 456284
3479 457996
3480 537236
3481 539712
3482 542316
3483 543170
3484 522523
3485 526991
3486 528620
3487 536065
3488 479662
3489 480001
3490 480006
3491 485552
3492 533582
3493 535102
3494 537061
3495 541383
3496 506779
3497 511282
3498 511746
3499 519265
3500 492955
3501 500499
3502 502726
3503 509948
3504 512866
3505 515071
3506 518948
3507 520825
3508 541824
3509 546971
3510 548711
3511 549450
3512 524419
3513 525185
3514 529661
3515 535647
3516 475763
3517 478070
3518 481811
3519 484268
3520 455473
3521 464385
3522 468014
3523 469222
3524 520886
3525 527134
3526 528503
3527 533611
3528 521240
3529 523423
3530 524892
3531 529791
3532 510804
3533 516433
3534 516533
3535 521890
3536 507776
3537 511696
3538 513262
3539 515505
3540 481917
3541 490253
3542 494589
3543 495031
3544 549863
3545 552137
3546 555238
3547 557807
3548 555669
3549 558785
3550 559462
3551 561409
3552 503155
3553 504412
3554 507967
3555 508863
3556 518489
3557 524691
3558 527315
3559 527725
3560 488680
3561 489597
3562 491627
3563 492504
3564 520699
3565 524487
3566 527056
3567 533919
3568 477355
3569 478430
3570 481901
3571 482515
3572 489087
3573 492438
3574 494641
3575 496405
3576 505693
3577 505936
3578 507498
3579 511582
3580 488727
3581 491775
3582 492272
3583 499930
3584 515580
3585 517737
3586 517772
3587 517835
3588 492659
3589 494242
3590 496222
3591 498391
3592 477883
3593 478118
3594 479698
3595 481262
3596 464394
3597 464503
3598 467270
3599 470885
3600 497652
3601 506103
3602 509374
3603 510289
3604 503931
3605 505855
3606 506885
3607 509337
3608 490673
3609 493050
3610 497153
3611 498072
3612 506559
3613 507590
3614 510140
3615 512977
3616 483470
3617 488267
3618 489265
3619 491471
3620 522702
3621 524834
3622 525194
3623 526903
3624 499081
3625 500820
3626 503367
3627 503455
3628 512551
3629 521212
3630 522621
3631 525119
3632 467310
3633 468096
3634 472982
3635 475904
3636 471957
3637 472576
3638 472673
3639 473966
3640 537117
3641 539545
3642 541299
3643 545425
3644 564557
3645 565343
3646 565346
3647 567490
3648 488117
3649 493133
3650 496407
3651 498888
3652 472355
3653 474351
3654 479921
3655 481269
3656 518551
3657 518597
3658 519745
3659 522548
3660 480449
3661 487645
3662 488132
3663 490437
3664 491205
3665 497407
3666 499344
3667 503838
3668 477170
3669 478732
3670 479012
3671 485442
3672 497917
3673 499443
3674 503567
3675 505838
3676 506786
3677 509907
3678 510067
3679 513186
3680 418946
3681 421135
3682 423808
3683 425896
3684 511216
3685 513780
3686 516093
3687 522285
3688 521931
3689 523545
3690 526848
3691 527508
3692 480118
3693 480150
3694 481243
3695 487880
3696 513041
3697 517142
3698 518850
3699 520552
3700 488565
3701 489510
3702 490891
3703 494712
3704 515630
3705 519810
3706 524328
3707 528048
3708 486500
3709 488744
3710 489865
3711 494768
3712 458411
3713 458948
3714 462793
3715 466298
3716 511485
3717 512165
3718 514495
3719 516099
3720 544559
3721 547758
3722 552830
3723 553547
3724 521551
3725 524059
3726 526614
3727 527169
3728 469878
3729 473524
3730 475201
3731 477515
3732 475678
3733 479522
3734 479827
3735 486273
3736 541494
3737 542055
3738 547542
3739 548450
3740 537442
3741 545905
3742 546359
3743 547316
3744 542401
3745 547176
3746 548009
3747 549095
3748 573796
3749 577384
3750 577465
3751 579145
3752 465894
3753 473882
3754 476090
3755 478829
3756 527953
3757 529730
3758 530148
3759 531193
3760 536873
3761 542814
3762 546089
3763 546258
3764 503936
3765 508132
3766 510328
3767 514360
3768 520257
3769 520387
3770 520643
3771 520828
3772 522989
3773 523110
3774 523928
3775 526428
3776 507974
3777 511035
3778 512582
3779 512749
3780 506239
3781 509805
3782 510433
3783 518729
3784 512279
3785 512390
3786 513525
3787 516879
3788 454412
3789 454715
3790 456740
3791 456973
3792 444515
3793 445064
3794 445714
3795 448893
3796 483445
3797 485253
3798 486310
3799 490118
3800 556583
3801 560848
3802 564918
3803 566851
3804 544208
3805 550767
3806 552036
3807 556534
3808 495594
3809 497169
3810 497373
3811 499437
3812 456084
3813 461185
3814 461630
3815 469076
3816 505540
3817 510447
3818 513857
3819 514994
3820 504534
3821 506092
3822 507192
3823 509132
3824 502753
3825 503168
3826 504251
3827 506303
3828 495074
3829 495103
3830 496332
3831 499462
3832 493607
3833 495004
3834 496552
3835 497547
3836 495882
3837 496989
3838 497027
3839 498994
3840 500564
3841 507267
3842 510269
3843 510437
3844 526189
3845 529777
3846 531775
3847 536387
3848 510823
3849 511195
3850 512225
3851 516796
3852 431345
3853 433599
3854 433920
3855 438449
3856 490660
3857 495563
3858 496804
3859 497418
3860 554647
3861 558601
3862 559528
3863 564767
3864 431009
3865 434484
3866 436819
3867 438413
3868 514227
3869 517100
3870 518203
3871 520953
3872 531432
3873 534185
3874 534252
3875 534540
3876 534890
3877 541607
3878 542676
3879 552309
3880 474771
3881 477982
3882 483341
3883 486376
3884 527225
3885 530063
3886 534587
3887 535030
3888 527500
3889 530974
3890 531879
3891 534037
3892 493318
3893 500679
3894 503265
3895 503435
3896 530806
3897 537286
3898 537327
3899 546140
3900 505570
3901 509256
3902 511103
3903 516959
3904 520725
3905 524856
3906 526269
3907 530879
3908 510100
3909 510975
3910 514718
3911 515896
3912 503394
3913 503707
3914 505746
3915 510156
3916 502613
3917 503394
3918 506395
3919 511745
3920 488621
3921 494827
3922 497508
3923 500081
3924 566488
3925 567209
3926 571846
3927 572581
3928 555483
3929 557185
3930 558457
3931 561935
3932 564787
3933 566730
3934 570307
3935 571760
3936 488630
3937 489947
3938 496900
3939 497103
3940 449642
3941 455820
3942 455869
3943 457330
3944 512509
3945 513675
3946 516230
3947 518977
3948 513243
3949 515426
3950 520171
3951 520877
3952 399786
3953 400128
3954 400352
3955 404945
3956 456593
3957 456958
3958 459091
3959 462742
3960 482429
3961 482843
3962 486565
3963 486887
3964 503211
3965 503230
3966 504221
3967 508782
3968 508805
3969 512924
3970 521490
3971 522019
3972 514726
3973 518228
3974 521571
3975 523145
3976 510004
3977 511990
3978 517244
3979 518829
3980 483773
3981 485935
3982 487076
3983 490600
3984 521965
3985 523371
3986 523958
3987 528109
3988 468278
3989 472623
3990 474253
3991 476870
3992 464171
3993 465036
3994 466218
3995 469808
3996 479914
3997 483831
3998 486006
3999 486095
