0 485697
1 486324
2 488248
3 488497
4 489788
5 550080
6 551508
7 553074
8 555080
9 556377
10 538319
11 536696
12 536401
13 533992
14 530078
15 467696
16 463354
17 461143
18 460455
19 457934
20 516553
21 520649
22 523644
23 524143
24 527623
25 544798
26 545715
27 550116
28 550404
29 550891
30 525700
31 528071
32 529330
33 529369
34 533270
35 527650
36 533219
37 533471
38 535841
39 541909
40 529054
41 530875
42 533700
43 534067
44 534275
45 496310
46 496764
47 499260
48 501212
49 501464
50 468977
51 475993
52 476603
53 477456
54 485415
55 571651
56 573665
57 576241
58 578149
59 581486
60 535534
61 536865
62 538868
63 539516
64 540254
65 480347
66 481810
67 482388
68 482431
69 484298
70 568480
71 572660
72 576866
73 577483
74 577593
75 517643
76 520953
77 522111
78 524711
79 526540
80 501621
81 506405
82 506480
83 508065
84 512106
85 482429
86 483050
87 485912
88 486103
89 488530
90 469940
91 475736
92 479259
93 484711
94 485105
95 445310
96 447579
97 448071
98 448119
99 449904
100 483388
101 484865
102 485663
103 486010
104 487556
105 508515
106 510025
107 510130
108 512994
109 513185
110 494049
111 501163
112 501308
113 502212
114 504893
115 451248
116 452601
117 453706
118 453929
119 454504
120 537011
121 539920
122 540219
123 542523
124 543152
125 490817
126 491478
127 492827
128 493800
129 500635
130 572877
131 574789
132 579180
133 580018
134 581170
135 499031
136 499394
137 501637
138 503389
139 503852
140 554477
141 558106
142 558203
143 563502
144 566963
145 507516
146 514008
147 517753
148 519191
149 519737
150 490128
151 491861
152 494807
153 496461
154 501984
155 540068
156 540845
157 541056
158 543610
159 545960
160 459069
161 461116
162 461388
163 465533
164 467976
165 527227
166 529145
167 532384
168 532926
169 537304
170 576385
171 578291
172 583183
173 584931
174 588821
175 501192
176 502680
177 503872
178 508772
179 510136
180 528725
181 531848
182 531872
183 532908
184 535265
185 519038
186 519869
187 520144
188 520857
189 521526
190 535177
191 535797
192 538496
193 538739
194 538897
195 491455
196 491810
197 491966
198 494110
199 495343
200 527379
201 531749
202 531952
203 533665
204 536683
205 499427
206 500469
207 502229
208 505566
209 505746
210 484464
211 490325
212 490371
213 496520
214 496706
215 494617
216 498246
217 501643
218 501951
219 503714
220 505619
221 507017
222 508538
223 510884
224 511149
225 550457
226 555061
227 559014
228 559792
229 562152
230 510766
231 516251
232 516934
233 517816
234 518261
235 483181
236 492138
237 494200
238 494387
239 495248
240 508842
241 509544
242 510951
243 513061
244 516233
245 513373
246 514794
247 516022
248 516135
249 521141
250 536763
251 537125
252 539984
253 541321
254 541950
255 479255
256 479332
257 483129
258 483563
259 487006
260 485392
261 486551
262 486982
263 493468
264 494813
265 527832
266 528354
267 530292
268 535954
269 537042
270 528402
271 532924
272 533103
273 534552
274 538397
275 513555
276 513589
277 514349
278 514881
279 521099
280 526666
281 528659
282 529735
283 530218
284 534568
285 510655
286 515727
287 516174
288 516432
289 518862
290 512389
291 514432
292 515556
293 518283
294 520954
295 483466
296 486987
297 487158
298 487429
299 488189
300 493783
301 496166
302 498624
303 500283
304 500903
305 566660
306 567527
307 569724
308 572688
309 581232
310 492370
311 494028
312 494514
313 495191
314 496453
315 522020
316 525558
317 525633
318 527918
319 529037
320 502133
321 502275
322 510589
323 510647
324 510835
325 506313
326 509390
327 513761
328 514249
329 520818
330 530814
331 530855
332 531956
333 534214
334 536289
335 574326
336 577256
337 580168
338 580753
339 582273
340 555548
341 555897
342 560904
343 563670
344 565582
345 519134
346 519524
347 523569
348 525079
349 532393
350 522213
351 522542
352 524823
353 525566
354 526118
355 514470
356 515497
357 515827
358 516785
359 517600
360 572358
361 573174
362 577225
363 580066
364 583929
365 492494
366 493505
367 495716
368 500762
369 501353
370 461056
371 465572
372 465586
373 466473
374 469841
375 482900
376 483705
377 487144
378 487470
379 488107
380 534897
381 536183
382 536682
383 537902
384 538249
385 519081
386 523400
387 523789
388 526016
389 531745
390 475372
391 476005
392 479658
393 479661
394 482972
395 512916
396 515974
397 517320
398 517522
399 524178
400 494861
401 495706
402 496210
403 501700
404 503108
405 501961
406 506246
407 507981
408 508948
409 509488
410 516042
411 518139
412 518430
413 524982
414 524983
415 512318
416 516320
417 517937
418 520729
419 527508
420 438169
421 442131
422 444415
423 444472
424 444844
425 545917
426 548329
427 548447
428 548790
429 550268
430 541243
431 542962
432 544969
433 546270
434 552711
435 554275
436 559603
437 560613
438 562049
439 564457
440 430648
441 435832
442 437494
443 438993
444 440984
445 502410
446 504684
447 506101
448 507317
449 511509
450 570262
451 573316
452 576269
453 577824
454 577917
455 517153
456 519399
457 519599
458 520711
459 521868
460 471174
461 472772
462 473228
463 473532
464 480007
465 512234
466 513254
467 514116
468 518236
469 521192
470 489510
471 491643
472 491877
473 492689
474 494967
475 543258
476 544125
477 544928
478 547892
479 550132
480 489315
481 492228
482 495529
483 496216
484 501251
485 539364
486 543223
487 544939
488 547293
489 550562
490 442037
491 444166
492 444768
493 444866
494 446676
495 525249
496 525377
497 528396
498 531582
499 531706
500 431410
501 433392
502 436283
503 436875
504 442522
505 479778
506 479815
507 484405
508 485128
509 486115
510 476505
511 479529
512 481355
513 483281
514 487597
515 481382
516 483943
517 484044
518 484102
519 485124
520 472900
521 472919
522 473152
523 477920
524 478985
525 489221
526 492623
527 493074
528 493489
529 497226
530 521076
531 525034
532 526484
533 527651
534 535942
535 553366
536 554407
537 556328
538 557392
539 558919
540 484061
541 488401
542 489382
543 491503
544 492226
545 532838
546 538156
547 539635
548 542321
549 543441
550 586628
551 587569
552 587775
553 589589
554 589996
555 515808
556 518871
557 519635
558 521681
559 522911
560 493712
561 500408
562 501716
563 502217
564 506839
565 502857
566 506221
567 509021
568 513463
569 516805
570 531290
571 532962
572 534514
573 537160
574 537926
575 449005
576 452176
577 453293
578 455805
579 460711
580 534746
581 539745
582 541938
583 545032
584 550842
585 503746
586 505617
587 507203
588 507276
589 510749
590 546219
591 549340
592 549612
593 553196
594 553847
595 467201
596 472053
597 472819
598 473648
599 478775
600 505077
601 506037
602 506418
603 508223
604 512729
605 554761
606 561234
607 561253
608 562000
609 567335
610 563504
611 563761
612 564400
613 568746
614 570853
615 507548
616 509300
617 509774
618 511075
619 513249
620 503139
621 509280
622 509477
623 510659
624 512568
625 466364
626 468491
627 469867
628 473396
629 478603
630 464373
631 465097
632 467352
633 472910
634 473880
635 516800
636 517630
637 519608
638 520834
639 525419
640 505057
641 506185
642 510557
643 511501
644 514424
645 492218
646 494056
647 494550
648 496402
649 498254
650 531330
651 533098
652 534159
653 535361
654 536335
655 472680
656 475764
657 482001
658 482089
659 483865
660 464302
661 467699
662 468254
663 469147
664 472091
665 534427
666 536642
667 537529
668 538070
669 542682
670 460379
671 461966
672 465270
673 466356
674 468991
675 521281
676 523956
677 525647
678 526439
679 527219
680 531495
681 533302
682 537179
683 537744
684 538038
685 533219
686 534557
687 537481
688 538299
689 543883
690 522265
691 523857
692 525503
693 528082
694 528851
695 455717
696 455800
697 456052
698 459634
699 462913
700 473523
701 477902
702 478392
703 481996
704 485739
705 465698
706 468222
707 468489
708 469286
709 474923
710 514037
711 515842
712 517538
713 517719
714 519357
715 541888
716 545282
717 545907
718 548192
719 548445
720 523045
721 523075
722 523301
723 523707
724 532202
725 472172
726 473986
727 475339
728 477967
729 480553
730 539449
731 545602
732 548432
733 549475
734 553677
735 504110
736 504526
737 505002
738 508588
739 509303
740 562619
741 564987
742 567214
743 569509
744 573723
745 494758
746 497832
747 500372
748 502297
749 502923
750 534029
751 536183
752 540403
753 540915
754 542728
755 527415
756 527626
757 532127
758 532955
759 533360
760 494879
761 496233
762 499163
763 500215
764 506302
765 457493
766 462922
767 465063
768 465411
769 467682
770 523898
771 529549
772 531108
773 535016
774 538857
775 515159
776 515742
777 520121
778 522448
779 529012
780 533973
781 536693
782 539776
783 540074
784 546407
785 516593
786 519367
787 520858
788 521344
789 523834
790 514925
791 515783
792 515954
793 520723
794 523022
795 491992
796 492504
797 494842
798 496354
799 497138
800 443381
801 444975
802 447577
803 450749
804 452756
805 499106
806 500247
807 500358
808 503969
809 508483
810 526098
811 526664
812 531491
813 532302
814 534451
815 527677
816 531917
817 532263
818 537193
819 539817
820 519112
821 522602
822 523263
823 525816
824 527524
825 543674
826 547570
827 547818
828 550530
829 556513
830 448532
831 453000
832 453344
833 454053
834 456337
835 523634
836 525547
837 530575
838 532194
839 533670
840 499924
841 502299
842 502920
843 506535
844 506901
845 511344
846 513629
847 515412
848 520015
849 522740
850 461644
851 466216
852 471146
853 472484
854 472704
855 431231
856 432628
857 436761
858 437839
859 442929
860 479086
861 480410
862 482029
863 482396
864 483317
865 493264
866 495428
867 496184
868 497003
869 499163
870 509420
871 509899
872 515059
873 515296
874 516389
875 503202
876 506303
877 507928
878 509650
879 516224
880 498202
881 499064
882 499863
883 503662
884 506401
885 483075
886 483543
887 485034
888 488854
889 491240
890 500232
891 501307
892 501585
893 508494
894 509527
895 558251
896 558317
897 560195
898 560778
899 564785
900 445223
901 450134
902 451463
903 451509
904 457722
905 529727
906 533082
907 533165
908 534769
909 538636
910 498223
911 500109
912 501757
913 507259
914 510977
915 547991
916 551117
917 552209
918 553651
919 555809
920 502360
921 508066
922 508079
923 508740
924 509197
925 490884
926 490960
927 491793
928 494266
929 498367
930 475897
931 477096
932 477350
933 478148
934 481233
935 465978
936 467813
937 469942
938 471265
939 474436
940 546973
941 550501
942 551970
943 552023
944 552082
945 552485
946 552637
947 556104
948 556386
949 562754
950 513143
951 515256
952 516188
953 520167
954 521658
955 462106
956 465373
957 467659
958 473492
959 476184
960 509804
961 515091
962 515482
963 517677
964 518792
965 513881
966 517075
967 517996
968 518126
969 523178
970 491788
971 498051
972 500240
973 500642
974 510064
975 548229
976 550065
977 551895
978 552732
979 552752
980 518618
981 520190
982 521042
983 523902
984 525064
985 494963
986 499727
987 500984
988 502732
989 508592
990 516880
991 520472
992 520756
993 520907
994 521361
995 508971
996 512436
997 512874
998 514346
999 517307
1000 563252
1001 566208
1002 566714
1003 567798
1004 567873
1005 491951
1006 495901
1007 496753
1008 496928
1009 503822
1010 510747
1011 513246
1012 513968
1013 515526
1014 516039
1015 505011
1016 508527
1017 509883
1018 510631
1019 517288
1020 527686
1021 532435
1022 537085
1023 537236
1024 542598
1025 499658
1026 504146
1027 505786
1028 507326
1029 509674
1030 471159
1031 471517
1032 471696
1033 475067
1034 476499
1035 499948
1036 500277
1037 504002
1038 506713
1039 512732
1040 484399
1041 486518
1042 486752
1043 491670
1044 492986
1045 507871
1046 512930
1047 516049
1048 516929
1049 521634
1050 498837
1051 499344
1052 499514
1053 502045
1054 505215
1055 482295
1056 488920
1057 489003
1058 492716
1059 493911
1060 516266
1061 516839
1062 520874
1063 525347
1064 530068
1065 483527
1066 487177
1067 487598
1068 490508
1069 496741
1070 460105
1071 466150
1072 467874
1073 470631
1074 471232
1075 460300
1076 461349
1077 462783
1078 464484
1079 465668
1080 477084
1081 477130
1082 477412
1083 479303
1084 479447
1085 520961
1086 521681
1087 522675
1088 525563
1089 528402
1090 465371
1091 469135
1092 473669
1093 473712
1094 477741
1095 536782
1096 539495
1097 539942
1098 543832
1099 545317
1100 486317
1101 492485
1102 494156
1103 498675
1104 499379
1105 462610
1106 462717
1107 463069
1108 467529
1109 470105
1110 469455
1111 470020
1112 470873
1113 471612
1114 474455
1115 461221
1116 468187
1117 468733
1118 469835
1119 472457
1120 502717
1121 505003
1122 506387
1123 509799
1124 510350
1125 456979
1126 458679
1127 459957
1128 462264
1129 462686
1130 484752
1131 488779
1132 489532
1133 491288
1134 491955
1135 539234
1136 540891
1137 541723
1138 542062
1139 548754
1140 502826
1141 505338
1142 507473
1143 508527
1144 512310
1145 484053
1146 487274
1147 489124
1148 490836
1149 495416
1150 528499
1151 529327
1152 532232
1153 535627
1154 536407
1155 553437
1156 554151
1157 554906
1158 554972
1159 560855
1160 567098
1161 573066
1162 573520
1163 574955
1164 581010
1165 501854
1166 503510
1167 504223
1168 504225
1169 504471
1170 478062
1171 482458
1172 483246
1173 489235
1174 489558
1175 471009
1176 474684
1177 475707
1178 477773
1179 479940
1180 493647
1181 494706
1182 497845
1183 502160
1184 504171
1185 509673
1186 513824
1187 514345
1188 515703
1189 519255
1190 520771
1191 526023
1192 529472
1193 532628
1194 532820
1195 477729
1196 479055
1197 480072
1198 481169
1199 482638
1200 530634
1201 532402
1202 532989
1203 536736
1204 536986
1205 536379
1206 537581
1207 538573
1208 541040
1209 542560
1210 531328
1211 534165
1212 534765
1213 536655
1214 542292
1215 476947
1216 478470
1217 479067
1218 482476
1219 484491
1220 468328
1221 471339
1222 472108
1223 474851
1224 475631
1225 497276
1226 498822
1227 501139
1228 503691
1229 510704
1230 508166
1231 508681
1232 513051
1233 513891
1234 515097
1235 531194
1236 531925
1237 534370
1238 542449
1239 543229
1240 515857
1241 518580
1242 519555
1243 520969
1244 521459
1245 455683
1246 456511
1247 459755
1248 460148
1249 462788
1250 498119
1251 498266
1252 500749
1253 501764
1254 503608
1255 494211
1256 499589
1257 503609
1258 503977
1259 507052
1260 572181
1261 577575
1262 577648
1263 578074
1264 578111
1265 533680
1266 537112
1267 537579
1268 539084
1269 541774
1270 514053
1271 520374
1272 520745
1273 521709
1274 530468
1275 509969
1276 513034
1277 513050
1278 513826
1279 514844
1280 474771
1281 476037
1282 476244
1283 478792
1284 481601
1285 531021
1286 532911
1287 533940
1288 536385
1289 540461
1290 511575
1291 511724
1292 512507
1293 514047
1294 520540
1295 469990
1296 478114
1297 479051
1298 482519
1299 484718
1300 497953
1301 499494
1302 501590
1303 502525
1304 504138
1305 540334
1306 542831
1307 546951
1308 547856
1309 550999
1310 486576
1311 490212
1312 492363
1313 498092
1314 498749
1315 470662
1316 474317
1317 477384
1318 477994
1319 480335
1320 491227
1321 491523
1322 491695
1323 496576
1324 496649
1325 477269
1326 477759
1327 478782
1328 480542
1329 482977
1330 487972
1331 488264
1332 493405
1333 493794
1334 502969
1335 501863
1336 504463
1337 505575
1338 510875
1339 511935
1340 496588
1341 502211
1342 504258
1343 505185
1344 505541
1345 508040
1346 510131
1347 510806
1348 511331
1349 513282
1350 531085
1351 534630
1352 536658
1353 538019
1354 539609
1355 496636
1356 498384
1357 499072
1358 499517
1359 501568
1360 462797
1361 463234
1362 463667
1363 465370
1364 472651
1365 450804
1366 452891
1367 455067
1368 458531
1369 460720
1370 397654
1371 402803
1372 403136
1373 405421
1374 406133
1375 491071
1376 492345
1377 497178
1378 499443
1379 501254
1380 515855
1381 517511
1382 519332
1383 521250
1384 524667
1385 473485
1386 473546
1387 477518
1388 480066
1389 482842
1390 474433
1391 474865
1392 475094
1393 475121
1394 477672
1395 465696
1396 468957
1397 472905
1398 474585
1399 475586
1400 548080
1401 549784
1402 549842
1403 550266
1404 558047
1405 494696
1406 502847
1407 506591
1408 508114
1409 509433
1410 501649
1411 504968
1412 505006
1413 508885
1414 512405
1415 502930
1416 503400
1417 506906
1418 506952
1419 512408
1420 554800
1421 557153
1422 557228
1423 557454
1424 559559
1425 450801
1426 454634
1427 454779
1428 456025
1429 461669
1430 451645
1431 453342
1432 456353
1433 460281
1434 463953
1435 531494
1436 535775
1437 536620
1438 539108
1439 539160
1440 466861
1441 467386
1442 467891
1443 468588
1444 476951
1445 462193
1446 464816
1447 465284
1448 468868
1449 474075
1450 536390
1451 538395
1452 541067
1453 545630
1454 547743
1455 491626
1456 496126
1457 497258
1458 498156
1459 498458
1460 495488
1461 498367
1462 501992
1463 502201
1464 507334
1465 504810
1466 506801
1467 509562
1468 510006
1469 510114
1470 554090
1471 555559
1472 557189
1473 559629
1474 561301
1475 495461
1476 500772
1477 503334
1478 505819
1479 508737
1480 494235
1481 496057
1482 498661
1483 503970
1484 504154
1485 513973
1486 515348
1487 517093
1488 517229
1489 518132
1490 519668
1491 523050
1492 524542
1493 527712
1494 532331
1495 482583
1496 484527
1497 486147
1498 487412
1499 489481
1500 526818
1501 529919
1502 531052
1503 531159
1504 531597
1505 484107
1506 484930
1507 489488
1508 489879
1509 489921
1510 446546
1511 446709
1512 447062
1513 448698
1514 449468
1515 494372
1516 502155
1517 504132
1518 504399
1519 510991
1520 506508
1521 513999
1522 514181
1523 518089
1524 518631
1525 522959
1526 523641
1527 529820
1528 530151
1529 533065
1530 489974
1531 496966
1532 497600
1533 501738
1534 504515
1535 437284
1536 442406
1537 442885
1538 443128
1539 446550
1540 524473
1541 525323
1542 526815
1543 526982
1544 528478
1545 527732
1546 531098
1547 531946
1548 532001
1549 533875
1550 469265
1551 470335
1552 475828
1553 476036
1554 480387
1555 550342
1556 555077
1557 556906
1558 557312
1559 558863
1560 524671
1561 526566
1562 526691
1563 526911
1564 530986
1565 498363
1566 503204
1567 503732
1568 504256
1569 508327
1570 536467
1571 536684
1572 536895
1573 537760
1574 537789
1575 513493
1576 517661
1577 520786
1578 522056
1579 529418
1580 531659
1581 532738
1582 533300
1583 533553
1584 535042
1585 459439
1586 460802
1587 462383
1588 466421
1589 468537
1590 471876
1591 476768
1592 478942
1593 480554
1594 480710
1595 541642
1596 542672
1597 545527
1598 545714
1599 553374
1600 467181
1601 469934
1602 471377
1603 471998
1604 476996
1605 488613
1606 493793
1607 493856
1608 494572
1609 502257
1610 547083
1611 547494
1612 547637
1613 549472
1614 549816
1615 540624
1616 541430
1617 547722
1618 549784
1619 556558
1620 503519
1621 504168
1622 505843
1623 505846
1624 509035
1625 497893
1626 499516
1627 502553
1628 503354
1629 505511
1630 514645
1631 519876
1632 521647
1633 523011
1634 526993
1635 571435
1636 574415
1637 579907
1638 579946
1639 582354
1640 521385
1641 525431
1642 526218
1643 526705
1644 532406
1645 501113
1646 503714
1647 506476
1648 506694
1649 510616
1650 496751
1651 499963
1652 500885
1653 503567
1654 506059
1655 503339
1656 505494
1657 505697
1658 508900
1659 509716
1660 478560
1661 483436
1662 486466
1663 487130
1664 492252
1665 502590
1666 508494
1667 508849
1668 510071
1669 516662
1670 527385
1671 527639
1672 528179
1673 529579
1674 535148
1675 405664
1676 407297
1677 412387
1678 412423
1679 413033
1680 494115
1681 498471
1682 498894
1683 500736
1684 500961
1685 545816
1686 548570
1687 552654
1688 553179
1689 556557
1690 473171
1691 477541
1692 478009
1693 481018
1694 486016
1695 523260
1696 526357
1697 530799
1698 537653
1699 540035
1700 513269
1701 517574
1702 518698
1703 518757
1704 519272
1705 525030
1706 528886
1707 531920
1708 536061
1709 536606
1710 522776
1711 525634
1712 525911
1713 528420
1714 528724
1715 502899
1716 511555
1717 514824
1718 516329
1719 517172
1720 474507
1721 481750
1722 481811
1723 482416
1724 484534
1725 459359
1726 460419
1727 462420
1728 463056
1729 467666
1730 506770
1731 510138
1732 511951
1733 513962
1734 515772
1735 477293
1736 477912
1737 478290
1738 481091
1739 481749
1740 521980
1741 529861
1742 530377
1743 532237
1744 534561
1745 491736
1746 495817
1747 498927
1748 499194
1749 499868
1750 531557
1751 538762
1752 540509
1753 540812
1754 541009
1755 502039
1756 502832
1757 503032
1758 503057
1759 504325
1760 488818
1761 489736
1762 490614
1763 492615
1764 493794
1765 492416
1766 498834
1767 499954
1768 501119
1769 501968
1770 481124
1771 482709
1772 483550
1773 486559
1774 487132
1775 527134
1776 528728
1777 529037
1778 530514
1779 535093
1780 569077
1781 574608
1782 575101
1783 575812
1784 577006
1785 468613
1786 472052
1787 472601
1788 473611
1789 474142
1790 467954
1791 473369
1792 475929
1793 476175
1794 477607
1795 466424
1796 466899
1797 468827
1798 471875
1799 478207
1800 462661
1801 463055
1802 466448
1803 468646
1804 469510
1805 488717
1806 488795
1807 491296
1808 493254
1809 497560
1810 483125
1811 487459
1812 490941
1813 491624
1814 493455
1815 507422
1816 509866
1817 510594
1818 513044
1819 515919
1820 502846
1821 503480
1822 506409
1823 506778
1824 512233
1825 513791
1826 520058
1827 521276
1828 523260
1829 529228
1830 456777
1831 457357
1832 458223
1833 460364
1834 461169
1835 499993
1836 502993
1837 503200
1838 504974
1839 509071
1840 464122
1841 471077
1842 473866
1843 476026
1844 477361
1845 471697
1846 473277
1847 475224
1848 476202
1849 476602
1850 555174
1851 555755
1852 556372
1853 558781
1854 559211
1855 478558
1856 482782
1857 483567
1858 484296
1859 485342
1860 457675
1861 459132
1862 460444
1863 461808
1864 462860
1865 548753
1866 552617
1867 554127
1868 556780
1869 562975
1870 478760
1871 482107
1872 484455
1873 484877
1874 486514
1875 527410
1876 529514
1877 529875
1878 535829
1879 535884
1880 506569
1881 510090
1882 513581
1883 515377
1884 515569
1885 543772
1886 548585
1887 553343
1888 553638
1889 557138
1890 417659
1891 420240
1892 423202
1893 426410
1894 426836
1895 467636
1896 467955
1897 476148
1898 476389
1899 481516
1900 498681
1901 501846
1902 503539
1903 505013
1904 505142
1905 464830
1906 468349
1907 468963
1908 477671
1909 478259
1910 537077
1911 538872
1912 540869
1913 541832
1914 544101
1915 528452
1916 530105
1917 531672
1918 531894
1919 539537
1920 578436
1921 581798
1922 582770
1923 585931
1924 586589
1925 497101
1926 497376
1927 500036
1928 505402
1929 507950
1930 551105
1931 552452
1932 554575
1933 555413
1934 560236
1935 528024
1936 529379
1937 530947
1938 537473
1939 538602
1940 541648
1941 541712
1942 546090
1943 548032
1944 550079
1945 543879
1946 547728
1947 547976
1948 549363
1949 554883
1950 550404
1951 555219
1952 557508
1953 558364
1954 558787
1955 496890
1956 497525
1957 497830
1958 498815
1959 501859
1960 506723
1961 506743
1962 507194
1963 507504
1964 512395
1965 559191
1966 559810
1967 559879
1968 562739
1969 567976
1970 519524
1971 520765
1972 522415
1973 523088
1974 524145
1975 522602
1976 524666
1977 527119
1978 529910
1979 530044
1980 499204
1981 501005
1982 502648
1983 504979
1984 505736
1985 507511
1986 513477
1987 513952
1988 514016
1989 519001
1990 490628
1991 492396
1992 494963
1993 495946
1994 498266
1995 484637
1996 489275
1997 490020
1998 493508
1999 499136
2000 475975
2001 476798
2002 478419
2003 478860
2004 478971
2005 522630
2006 526636
2007 529537
2008 531490
2009 537183
2010 509246
2011 511055
2012 512848
2013 515485
2014 515921
2015 519602
2016 520268
2017 524601
2018 524743
2019 525176
2020 479194
2021 480938
2022 483734
2023 483848
2024 489646
2025 493759
2026 494210
2027 495887
2028 495902
2029 496006
2030 501058
2031 503235
2032 503839
2033 504110
2034 504203
2035 561257
2036 562653
2037 566042
2038 566117
2039 568102
2040 551964
2041 557863
2042 558377
2043 561439
2044 562501
2045 531896
2046 533685
2047 534369
2048 535509
2049 537371
2050 483549
2051 486686
2052 487149
2053 492277
2054 493307
2055 473097
2056 479001
2057 479954
2058 480748
2059 485331
2060 482454
2061 484250
2062 485821
2063 486175
2064 488763
2065 495155
2066 497855
2067 501203
2068 505061
2069 505865
2070 501718
2071 502017
2072 503350
2073 508273
2074 509643
2075 518458
2076 518904
2077 519041
2078 520159
2079 523036
2080 540308
2081 544036
2082 547255
2083 552444
2084 553022
2085 478972
2086 484297
2087 487781
2088 492103
2089 493318
2090 554396
2091 557944
2092 558337
2093 560164
2094 566484
2095 506113
2096 509990
2097 510230
2098 513064
2099 516339
2100 497512
2101 500186
2102 501224
2103 504131
2104 507655
2105 472767
2106 474292
2107 474570
2108 475013
2109 478737
2110 496919
2111 499376
2112 500793
2113 500856
2114 504032
2115 469749
2116 472168
2117 474110
2118 478080
2119 482319
2120 506888
2121 509108
2122 511447
2123 511757
2124 511884
2125 496002
2126 496186
2127 500270
2128 501370
2129 503428
2130 541625
2131 542005
2132 544161
2133 545209
2134 551027
2135 536649
2136 539965
2137 542265
2138 542899
2139 550615
2140 398035
2141 400223
2142 400842
2143 404973
2144 407043
2145 516454
2146 523348
2147 523542
2148 524670
2149 531210
2150 530280
2151 535893
2152 537279
2153 539012
2154 542116
2155 492160
2156 497050
2157 499085
2158 500010
2159 501601
2160 475413
2161 477333
2162 479642
2163 481382
2164 483422
2165 511361
2166 514758
2167 515899
2168 517404
2169 519983
2170 470859
2171 474772
2172 476911
2173 478373
2174 478843
2175 450615
2176 452396
2177 454258
2178 454387
2179 461983
2180 431561
2181 437529
2182 444514
2183 445834
2184 446339
2185 545547
2186 548449
2187 549664
2188 549820
2189 554579
2190 538509
2191 541805
2192 542804
2193 543884
2194 545791
2195 514437
2196 519112
2197 523863
2198 524589
2199 525927
2200 566743
2201 571524
2202 573275
2203 574188
2204 575276
2205 461244
2206 462571
2207 465115
2208 469227
2209 469534
2210 499428
2211 500621
2212 501136
2213 502084
2214 502754
2215 502083
2216 502640
2217 503282
2218 504923
2219 505251
2220 522660
2221 527105
2222 528360
2223 529144
2224 530035
2225 541324
2226 542703
2227 545351
2228 547161
2229 547466
2230 513287
2231 516566
2232 517110
2233 518521
2234 521638
2235 463462
2236 464344
2237 467647
2238 469233
2239 470539
2240 528008
2241 531960
2242 532429
2243 532463
2244 533796
2245 484655
2246 488536
2247 488928
2248 489212
2249 493220
2250 420637
2251 421289
2252 421731
2253 425989
2254 431594
2255 500931
2256 503872
2257 508870
2258 509687
2259 510437
2260 523844
2261 526632
2262 527714
2263 527790
2264 530615
2265 485777
2266 486092
2267 486931
2268 494326
2269 495395
2270 559003
2271 563533
2272 565689
2273 567003
2274 572026
2275 471805
2276 474652
2277 479274
2278 485113
2279 485694
2280 505531
2281 506306
2282 506436
2283 507617
2284 509346
2285 521068
2286 527626
2287 527950
2288 528329
2289 530360
2290 504428
2291 508955
2292 510034
2293 512049
2294 512699
2295 517352
2296 522923
2297 525055
2298 529431
2299 532815
2300 511573
2301 515282
2302 517289
2303 517946
2304 525514
2305 561692
2306 568455
2307 569899
2308 573033
2309 575563
2310 483382
2311 483801
2312 484001
2313 485497
2314 490498
2315 539589
2316 544447
2317 544467
2318 545684
2319 552187
2320 490475
2321 491957
2322 492473
2323 496160
2324 500580
2325 522938
2326 524944
2327 527136
2328 529027
2329 529453
2330 530648
2331 530874
2332 533036
2333 534523
2334 539587
2335 507872
2336 511270
2337 512400
2338 513500
2339 516469
2340 478319
2341 479920
2342 480311
2343 481545
2344 482892
2345 522009
2346 524947
2347 527596
2348 527890
2349 527971
2350 498768
2351 499751
2352 501347
2353 501889
2354 503412
2355 540513
2356 543439
2357 545421
2358 546788
2359 549254
2360 512305
2361 513143
2362 514198
2363 517692
2364 518536
2365 476573
2366 478581
2367 480850
2368 481763
2369 481970
2370 467738
2371 475146
2372 475449
2373 479154
2374 480520
2375 541520
2376 541924
2377 542581
2378 542820
2379 542833
2380 531478
2381 533381
2382 535259
2383 538113
2384 540237
2385 506844
2386 507121
2387 507148
2388 508354
2389 509273
2390 489590
2391 492205
2392 492995
2393 493658
2394 499966
2395 545976
2396 549365
2397 551080
2398 553747
2399 554939
2400 528705
2401 533559
2402 535237
2403 536727
2404 540667
2405 505959
2406 512885
2407 515189
2408 516651
2409 519373
2410 568482
2411 570567
2412 571957
2413 571957
2414 573443
2415 476454
2416 481030
2417 481067
2418 481581
2419 488191
2420 495292
2421 499920
2422 500269
2423 500472
2424 501309
2425 456290
2426 459392
2427 462351
2428 466333
2429 467664
2430 514624
2431 515533
2432 517773
2433 517802
2434 520226
2435 490575
2436 492046
2437 492974
2438 494750
2439 503040
2440 504449
2441 505248
2442 506632
2443 506715
2444 511609
2445 446624
2446 448685
2447 450565
2448 451376
2449 452489
2450 450085
2451 452824
2452 453217
2453 460067
2454 461751
2455 461848
2456 464858
2457 464885
2458 468248
2459 472818
2460 477633
2461 478854
2462 481624
2463 485262
2464 485997
2465 465841
2466 469219
2467 469584
2468 471646
2469 472821
2470 494801
2471 497740
2472 498376
2473 498675
2474 499949
2475 479015
2476 482930
2477 483186
2478 484210
2479 490739
2480 553167
2481 557316
2482 557829
2483 561804
2484 563747
2485 482189
2486 490014
2487 490162
2488 492175
2489 494750
2490 510325
2491 510763
2492 512638
2493 515850
2494 516513
2495 493797
2496 494742
2497 499127
2498 501954
2499 502187
2500 480748
2501 486585
2502 488703
2503 492798
2504 494733
2505 509147
2506 516226
2507 517997
2508 520083
2509 525112
2510 479786
2511 482053
2512 484020
2513 484370
2514 487128
2515 447329
2516 452072
2517 453274
2518 455243
2519 456080
2520 517559
2521 519174
2522 520758
2523 522673
2524 525990
2525 482797
2526 485601
2527 488948
2528 489709
2529 493910
2530 484932
2531 486198
2532 486824
2533 488889
2534 495308
2535 500882
2536 503112
2537 503504
2538 503963
2539 504663
2540 503230
2541 505171
2542 505176
2543 505786
2544 507153
2545 512474
2546 512736
2547 512944
2548 515465
2549 515788
2550 485155
2551 489438
2552 490228
2553 492540
2554 494084
2555 450921
2556 452323
2557 458938
2558 459833
2559 460430
2560 497314
2561 504326
2562 505362
2563 506221
2564 513095
2565 559544
2566 561748
2567 564248
2568 568800
2569 573136
2570 522308
2571 524538
2572 524761
2573 525207
2574 528777
2575 540419
2576 540826
2577 544193
2578 546025
2579 549336
2580 519928
2581 521464
2582 523150
2583 523627
2584 526139
2585 511421
2586 511852
2587 513727
2588 513775
2589 513902
2590 547647
2591 549379
2592 550265
2593 550733
2594 554110
2595 481221
2596 481650
2597 481975
2598 485067
2599 486513
2600 492924
2601 496058
2602 496867
2603 498642
2604 504953
2605 491074
2606 493528
2607 494396
2608 495697
2609 497370
2610 488347
2611 489924
2612 492731
2613 497087
2614 497514
2615 505286
2616 505862
2617 509799
2618 509984
2619 514253
2620 565794
2621 565844
2622 570416
2623 574241
2624 578075
2625 522890
2626 525913
2627 526122
2628 529884
2629 531890
2630 490685
2631 492085
2632 492348
2633 493635
2634 498237
2635 487143
2636 491147
2637 491192
2638 492332
2639 497257
2640 557641
2641 560272
2642 563710
2643 565624
2644 566878
2645 516042
2646 519523
2647 519783
2648 522573
2649 528496
2650 501486
2651 502915
2652 504823
2653 505005
2654 507074
2655 507113
2656 510089
2657 513467
2658 514502
2659 515141
2660 473346
2661 473350
2662 476004
2663 476578
2664 477798
2665 510750
2666 511617
2667 512364
2668 513508
2669 515578
2670 421924
2671 424191
2672 425010
2673 426320
2674 427505
2675 501960
2676 504281
2677 504997
2678 505529
2679 505579
2680 545296
2681 545938
2682 548196
2683 549115
2684 551545
2685 512763
2686 513497
2687 515239
2688 521825
2689 524690
2690 555369
2691 555548
2692 556811
2693 558172
2694 560011
2695 562369
2696 565412
2697 565766
2698 568999
2699 574266
2700 457265
2701 459226
2702 459239
2703 462065
2704 463010
2705 480723
2706 488190
2707 489111
2708 493480
2709 495299
2710 534811
2711 535953
2712 540084
2713 540189
2714 545977
2715 486853
2716 486966
2717 487292
2718 488294
2719 493774
2720 505150
2721 508671
2722 511993
2723 512495
2724 515290
2725 499270
2726 501693
2727 502430
2728 503360
2729 504183
2730 506583
2731 508279
2732 509117
2733 513541
2734 514256
2735 545939
2736 546489
2737 548951
2738 549531
2739 550330
2740 562681
2741 566492
2742 568046
2743 569171
2744 576283
2745 546356
2746 546559
2747 550933
2748 552513
2749 556623
2750 475840
2751 476520
2752 478612
2753 481078
2754 481824
2755 461405
2756 464068
2757 467111
2758 469543
2759 472252
2760 470073
2761 473008
2762 476526
2763 478322
2764 485145
2765 446980
2766 448988
2767 451101
2768 456695
2769 457917
2770 509409
2771 513432
2772 517001
2773 525904
2774 526356
2775 572169
2776 574883
2777 575739
2778 575805
2779 577544
2780 534822
2781 535252
2782 539448
2783 541190
2784 544738
2785 551514
2786 552519
2787 554192
2788 555373
2789 559549
2790 465277
2791 467630
2792 470438
2793 472284
2794 472934
2795 550730
2796 551672
2797 552100
2798 552734
2799 553951
2800 541829
2801 546930
2802 549765
2803 550234
2804 554007
2805 475220
2806 480600
2807 482519
2808 484975
2809 488450
2810 501494
2811 505972
2812 509224
2813 509466
2814 511080
2815 522970
2816 524449
2817 525380
2818 526133
2819 531474
2820 500508
2821 507409
2822 507744
2823 508586
2824 511874
2825 504764
2826 506478
2827 506853
2828 508576
2829 509752
2830 496217
2831 499681
2832 501393
2833 507065
2834 508048
2835 473674
2836 476420
2837 481811
2838 483741
2839 486630
2840 519824
2841 522514
2842 522633
2843 528711
2844 530150
2845 478879
2846 482751
2847 483051
2848 484012
2849 486318
2850 530417
2851 533378
2852 536231
2853 537565
2854 544210
2855 485131
2856 486058
2857 490058
2858 491968
2859 493241
2860 515414
2861 519665
2862 520705
2863 521397
2864 524443
2865 447638
2866 452327
2867 453124
2868 459459
2869 460190
2870 442662
2871 446521
2872 447514
2873 449542
2874 454437
2875 540509
2876 541568
2877 544151
2878 547229
2879 547523
2880 515391
2881 516742
2882 517742
2883 519590
2884 522701
2885 499689
2886 500788
2887 501257
2888 502681
2889 505051
2890 524120
2891 524898
2892 525038
2893 525766
2894 531598
2895 509497
2896 510516
2897 512226
2898 517701
2899 519254
2900 496161
2901 502566
2902 504249
2903 508760
2904 509761
2905 480194
2906 481784
2907 482700
2908 483560
2909 484074
2910 534018
2911 537570
2912 539814
2913 540907
2914 541749
2915 525345
2916 526520
2917 527522
2918 528648
2919 530765
2920 434665
2921 435678
2922 437265
2923 438015
2924 439188
2925 496471
2926 498446
2927 499078
2928 501283
2929 502066
2930 455516
2931 457912
2932 457925
2933 458707
2934 460936
2935 508594
2936 509867
2937 513546
2938 513984
2939 515410
2940 522773
2941 527239
2942 531388
2943 534774
2944 537874
2945 438948
2946 445944
2947 446082
2948 449696
2949 451334
2950 481760
2951 482520
2952 484723
2953 486116
2954 486669
2955 552112
2956 560830
2957 561036
2958 561282
2959 561994
2960 492809
2961 493170
2962 496685
2963 496900
2964 497964
2965 490703
2966 492710
2967 497736
2968 503190
2969 505961
2970 498480
2971 504733
2972 504904
2973 507509
2974 510161
2975 463994
2976 471597
2977 472330
2978 475427
2979 475668
2980 507853
2981 509838
2982 509920
2983 510062
2984 515804
2985 498915
2986 502385
2987 502474
2988 502811
2989 506232
2990 459821
2991 464049
2992 467127
2993 467391
2994 469469
2995 541778
2996 542771
2997 545303
2998 549850
2999 557231
3000 535636
3001 539050
3002 539587
3003 541621
3004 545995
3005 542637
3006 544165
3007 550243
3008 550898
3009 551143
3010 554395
3011 557897
3012 557900
3013 560440
3014 563275
3015 553123
3016 555845
3017 557891
3018 558308
3019 559409
3020 461198
3021 463216
3022 469677
3023 470108
3024 471621
3025 492775
3026 497415
3027 497973
3028 498054
3029 503460
3030 491296
3031 493270
3032 497686
3033 498481
3034 499760
3035 505454
3036 510108
3037 510291
3038 512732
3039 515096
3040 524797
3041 528246
3042 529774
3043 533035
3044 535701
3045 506936
3046 509216
3047 510013
3048 511142
3049 512333
3050 501624
3051 502404
3052 503971
3053 505487
3054 508319
3055 489753
3056 491560
3057 493129
3058 494695
3059 496071
3060 521939
3061 524468
3062 527817
3063 528344
3064 533773
3065 549439
3066 553697
3067 553751
3068 554330
3069 559247
3070 514126
3071 515088
3072 516635
3073 516708
3074 520706
3075 533649
3076 541514
3077 542629
3078 543945
3079 549115
3080 476631
3081 483442
3082 483979
3083 484406
3084 490744
3085 496212
3086 500243
3087 502729
3088 503928
3089 509802
3090 510876
3091 513937
3092 514457
3093 515295
3094 515928
3095 452688
3096 456353
3097 462156
3098 463678
3099 469673
3100 452330
3101 452435
3102 452558
3103 453167
3104 459521
3105 507676
3106 508085
3107 508709
3108 508953
3109 511833
3110 491818
3111 495542
3112 495873
3113 496434
3114 497579
3115 504353
3116 504619
3117 505069
3118 507938
3119 511413
3120 541095
3121 541397
3122 541466
3123 541555
3124 543329
3125 506184
3126 513282
3127 513553
3128 515104
3129 517961
3130 455456
3131 462013
3132 464226
3133 467078
3134 467154
3135 535825
3136 538252
3137 539058
3138 540750
3139 542250
3140 478616
3141 482450
3142 482551
3143 482615
3144 487168
3145 490487
3146 491258
3147 493987
3148 495482
3149 496588
3150 500138
3151 502800
3152 503266
3153 508345
3154 512664
3155 537944
3156 538118
3157 538617
3158 540792
3159 545001
3160 526994
3161 529177
3162 529829
3163 530658
3164 537513
3165 506503
3166 508777
3167 510087
3168 511232
3169 512836
3170 561402
3171 563693
3172 566242
3173 568928
3174 571575
3175 454038
3176 458104
3177 459617
3178 462276
3179 463677
3180 496150
3181 497453
3182 501801
3183 506758
3184 509653
3185 515770
3186 515821
3187 522138
3188 524879
3189 526407
3190 501912
3191 505661
3192 508372
3193 510129
3194 512231
3195 540777
3196 540794
3197 542999
3198 543119
3199 544583
3200 484625
3201 485010
3202 488568
3203 489368
3204 493104
3205 512158
3206 512839
3207 513909
3208 515500
3209 518699
3210 510637
3211 516634
3212 517680
3213 518906
3214 521449
3215 494322
3216 496062
3217 496681
3218 500845
3219 501203
3220 514755
3221 515561
3222 516475
3223 518741
3224 520214
3225 548945
3226 549953
3227 550492
3228 550992
3229 556085
3230 550582
3231 555836
3232 556236
3233 556404
3234 559360
3235 518523
3236 519583
3237 521083
3238 523782
3239 526506
3240 552588
3241 552814
3242 558208
3243 558490
3244 559853
3245 531311
3246 533569
3247 534339
3248 535153
3249 536321
3250 464750
3251 466619
3252 467171
3253 469529
3254 471561
3255 467894
3256 469325
3257 471549
3258 473819
3259 475089
3260 490484
3261 494929
3262 496204
3263 496819
3264 496906
3265 547904
3266 552950
3267 553833
3268 554992
3269 555096
3270 534732
3271 536766
3272 537542
3273 538726
3274 542458
3275 507670
3276 511427
3277 512436
3278 514690
3279 519416
3280 522826
3281 528257
3282 530062
3283 530919
3284 535565
3285 481280
3286 488611
3287 488977
3288 489068
3289 493200
3290 510383
3291 510790
3292 512475
3293 513737
3294 515185
3295 456474
3296 463419
3297 463867
3298 465879
3299 466118
3300 528756
3301 531079
3302 532900
3303 533322
3304 541173
3305 560335
3306 564196
3307 566552
3308 567861
3309 570991
3310 501125
3311 504177
3312 507175
3313 511524
3314 511729
3315 500701
3316 502194
3317 502868
3318 503197
3319 507086
3320 498907
3321 499202
3322 499672
3323 502656
3324 503549
3325 493628
3326 493778
3327 495592
3328 500339
3329 500705
3330 481431
3331 484468
3332 486494
3333 487419
3334 488075
3335 523809
3336 524120
3337 527126
3338 527895
3339 528601
3340 475956
3341 478817
3342 481198
3343 481939
3344 484590
3345 480969
3346 481257
3347 484912
3348 485254
3349 487234
3350 476586
3351 477294
3352 478359
3353 481039
3354 485492
3355 481310
3356 487128
3357 488659
3358 492333
3359 496282
3360 537729
3361 543925
3362 545259
3363 546151
3364 550103
3365 508224
3366 509606
3367 510001
3368 510893
3369 513035
3370 540692
3371 543546
3372 543925
3373 547899
3374 548986
3375 512695
3376 514625
3377 516002
3378 516865
3379 522252
3380 470896
3381 472071
3382 477340
3383 477375
3384 480503
3385 497480
3386 498598
3387 501272
3388 503879
3389 506012
3390 460688
3391 463146
3392 463898
3393 464402
3394 464471
3395 579620
3396 580022
3397 583795
3398 587123
3399 587642
3400 569163
3401 571024
3402 573411
3403 574663
3404 575900
3405 473838
3406 477093
3407 477294
3408 479204
3409 484865
3410 530678
3411 531708
3412 532582
3413 535921
3414 540024
3415 496590
3416 501643
3417 503148
3418 504309
3419 504725
3420 577654
3421 577895
3422 580095
3423 580824
3424 587005
3425 510146
3426 511558
3427 515318
3428 517687
3429 520102
3430 531918
3431 538583
3432 539446
3433 539852
3434 544472
3435 483037
3436 485409
3437 487928
3438 493336
3439 494440
3440 523811
3441 524375
3442 525923
3443 526985
3444 528468
3445 507469
3446 513673
3447 514124
3448 517621
3449 521398
3450 481237
3451 482987
3452 485870
3453 486104
3454 487609
3455 486459
3456 489090
3457 490874
3458 495913
3459 498191
3460 475441
3461 478991
3462 480305
3463 483600
3464 488824
3465 460349
3466 467823
3467 468094
3468 468556
3469 476906
3470 508336
3471 509153
3472 509681
3473 513907
3474 516132
3475 451955
3476 452251
3477 454257
3478 459718
3479 461317
3480 487876
3481 491026
3482 494433
3483 494791
3484 495276
3485 498573
3486 502685
3487 504767
3488 504867
3489 510807
3490 538650
3491 542571
3492 546708
3493 549951
3494 550332
3495 512235
3496 514759
3497 515583
3498 518311
3499 520326
3500 496879
3501 497735
3502 497995
3503 500000
3504 500322
3505 483762
3506 487194
3507 489324
3508 490339
3509 491884
3510 519970
3511 527902
3512 528553
3513 528684
3514 530312
3515 469271
3516 473858
3517 474382
3518 479684
3519 482612
3520 461187
3521 464090
3522 464322
3523 465162
3524 467217
3525 541749
3526 542528
3527 545330
3528 546893
3529 550692
3530 502618
3531 502838
3532 504469
3533 508651
3534 512939
3535 498051
3536 498557
3537 498763
3538 501896
3539 507339
3540 518763
3541 526472
3542 528824
3543 531560
3544 532209
3545 523309
3546 531149
3547 532748
3548 534293
3549 535529
3550 526775
3551 532533
3552 534891
3553 535789
3554 536311
3555 499195
3556 502104
3557 502205
3558 503907
3559 506604
3560 500475
3561 507758
3562 508831
3563 509420
3564 514033
3565 504725
3566 508768
3567 515119
3568 515752
3569 516056
3570 450902
3571 452005
3572 453195
3573 454345
3574 456362
3575 483135
3576 487244
3577 487726
3578 490939
3579 494481
3580 462021
3581 464356
3582 465221
3583 468084
3584 469543
3585 544207
3586 546072
3587 546497
3588 548819
3589 552703
3590 487161
3591 489606
3592 492093
3593 492600
3594 494890
3595 507361
3596 512823
3597 514128
3598 515568
3599 516369
3600 497534
3601 500176
3602 500443
3603 507091
3604 508324
3605 517045
3606 520244
3607 526385
3608 529434
3609 530349
3610 496367
3611 496394
3612 499288
3613 502348
3614 506722
3615 543765
3616 544396
3617 544604
3618 546360
3619 552636
3620 554219
3621 559371
3622 560582
3623 564333
3624 567611
3625 464935
3626 468149
3627 468599
3628 469411
3629 469609
3630 502284
3631 505205
3632 507509
3633 509723
3634 512768
3635 502013
3636 503008
3637 504695
3638 505631
3639 506393
3640 516118
3641 519396
3642 520903
3643 523127
3644 523410
3645 456380
3646 463775
3647 463912
3648 465356
3649 467566
3650 482004
3651 484333
3652 486939
3653 487445
3654 491673
3655 454989
3656 462807
3657 462857
3658 463137
3659 463579
3660 535157
3661 535570
3662 536675
3663 536821
3664 537226
3665 502404
3666 505021
3667 506852
3668 507926
3669 511034
3670 528663
3671 528903
3672 529227
3673 530408
3674 532070
3675 512488
3676 512534
3677 515342
3678 516878
3679 517131
3680 501219
3681 501499
3682 502636
3683 503063
3684 508048
3685 469061
3686 469172
3687 470009
3688 473324
3689 477637
3690 525933
3691 531417
3692 531877
3693 532351
3694 537022
3695 493980
3696 496631
3697 497400
3698 498697
3699 502630
3700 539336
3701 539583
3702 540506
3703 541707
3704 545901
3705 514423
3706 517737
3707 520545
3708 520814
3709 522387
3710 542892
3711 546421
3712 548075
3713 548277
3714 553024
3715 473103
3716 475494
3717 476136
3718 478277
3719 482310
3720 527841
3721 529185
3722 531754
3723 534212
3724 535359
3725 534193
3726 534282
3727 535787
3728 540722
3729 545619
3730 475491
3731 477417
3732 477492
3733 480549
3734 482008
3735 479736
3736 481225
3737 481305
3738 483596
3739 487967
3740 533556
3741 534699
3742 534855
3743 535304
3744 540240
3745 555354
3746 558725
3747 559106
3748 560447
3749 562945
3750 499993
3751 500718
3752 500902
3753 502622
3754 504650
3755 443104
3756 447402
3757 447429
3758 449170
3759 453704
3760 447641
3761 448125
3762 448454
3763 450577
3764 455906
3765 466387
3766 471756
3767 475302
3768 476764
3769 477946
3770 561098
3771 561865
3772 564767
3773 565593
3774 565956
3775 496197
3776 500398
3777 501828
3778 502199
3779 504539
3780 541697
3781 543169
3782 544364
3783 545267
3784 546078
3785 481574
3786 483984
3787 484993
3788 488389
3789 489002
3790 516671
3791 524922
3792 528636
3793 529333
3794 530452
3795 456002
3796 459738
3797 460961
3798 463974
3799 466412
3800 536243
3801 537937
3802 538780
3803 543136
3804 544405
3805 420814
3806 424911
3807 425678
3808 426690
3809 428585
3810 497529
3811 500589
3812 502958
3813 505398
3814 508999
3815 534848
3816 537902
3817 538310
3818 538592
3819 538738
3820 550934
3821 552419
3822 552511
3823 553167
3824 555319
3825 493002
3826 498128
3827 498885
3828 500339
3829 502567
3830 537665
3831 538139
3832 540616
3833 541329
3834 542121
3835 488983
3836 494513
3837 495356
3838 495434
3839 498938
3840 455249
3841 456201
3842 461483
3843 461531
3844 469099
3845 524850
3846 525283
3847 529450
3848 531329
3849 535283
3850 435670
3851 440382
3852 445003
3853 445051
3854 451604
3855 517345
3856 518868
3857 520734
3858 521789
3859 524777
3860 497384
3861 498027
3862 503630
3863 503764
3864 507980
3865 556987
3866 557414
3867 559552
3868 559881
3869 562670
3870 521014
3871 525854
3872 526029
3873 527527
3874 528149
3875 475744
3876 478817
3877 480200
3878 480594
3879 482449
3880 502594
3881 507070
3882 507167
3883 509215
3884 512713
3885 529509
3886 537086
3887 537240
3888 540014
3889 540641
3890 558673
3891 562065
3892 562740
3893 566513
3894 568054
3895 562176
3896 564341
3897 565982
3898 566301
3899 570435
3900 473333
3901 474519
3902 477069
3903 477847
3904 485889
3905 518694
3906 519105
3907 522815
3908 523303
3909 523434
3910 518403
3911 519570
3912 520578
3913 522366
3914 529533
3915 479866
3916 484791
3917 487081
3918 487540
3919 488398
3920 551121
3921 555898
3922 555916
3923 557348
3924 558789
3925 483949
3926 485010
3927 490848
3928 491742
3929 496755
3930 502716
3931 503931
3932 505701
3933 508198
3934 509583
3935 493601
3936 493681
3937 495264
3938 495428
3939 501804
3940 529425
3941 529607
3942 530533
3943 530772
3944 538978
3945 533073
3946 537410
3947 538052
3948 542677
3949 545064
3950 489534
3951 491395
3952 496440
3953 497472
3954 500670
3955 521323
3956 521962
3957 525394
3958 527525
3959 534690
3960 456636
3961 459455
3962 460733
3963 462219
3964 468025
3965 547060
3966 548763
3967 550117
3968 550686
3969 558868
3970 533162
3971 537882
3972 541085
3973 541501
3974 544643
3975 519184
3976 521014
3977 523915
3978 525144
3979 530446
3980 504370
3981 504839
3982 505986
3983 506438
3984 508286
3985 450911
3986 451765
3987 453493
3988 454962
3989 456648
3990 513328
3991 520237
3992 521745
3993 524061
3994 529091
3995 500461
3996 502118
3997 505181
3998 507076
3999 509097
4000 540624
4001 545825
4002 546288
4003 547709
4004 549850
4005 487626
4006 488508
4007 491997
4008 492745
4009 493372
4010 512598
4011 514437
4012 515310
4013 516788
4014 520386
4015 514883
4016 521050
4017 521591
4018 522866
4019 530700
4020 551226
4021 553770
4022 555799
4023 559485
4024 561318
4025 529256
4026 529514
4027 529796
4028 532326
4029 533661
4030 523406
4031 525329
4032 526922
4033 528414
4034 531247
4035 505375
4036 508063
4037 509616
4038 511982
4039 515179
4040 471195
4041 473306
4042 473327
4043 473884
4044 474038
4045 537415
4046 540575
4047 542356
4048 543202
4049 544403
4050 484820
4051 485422
4052 487326
4053 488525
4054 490693
4055 525999
4056 527734
4057 530860
4058 531659
4059 539040
4060 537256
4061 537705
4062 543373
4063 548109
4064 548306
4065 525911
4066 528056
4067 530548
4068 531181
4069 536423
4070 511590
4071 514636
4072 517082
4073 517987
4074 520616
4075 492254
4076 494631
4077 495380
4078 496352
4079 496697
4080 560647
4081 562200
4082 562235
4083 562527
4084 569664
4085 500702
4086 501784
4087 503314
4088 505123
4089 507520
4090 557689
4091 562644
4092 562706
4093 564576
4094 567059
4095 510684
4096 511682
4097 515062
4098 518672
4099 518853
4100 552091
4101 553363
4102 555831
4103 556722
4104 561115
4105 522860
4106 523108
4107 526697
4108 526903
4109 529457
4110 512201
4111 516255
4112 517456
4113 519058
4114 521051
4115 475318
4116 479187
4117 479437
4118 479912
4119 486461
4120 506847
4121 507451
4122 509600
4123 510154
4124 510767
4125 473781
4126 475609
4127 479437
4128 480874
4129 484768
4130 530851
4131 533939
4132 537925
4133 539410
4134 543821
4135 455668
4136 462525
4137 462557
4138 464559
4139 464953
4140 412530
4141 413387
4142 415136
4143 418839
4144 419135
4145 488610
4146 491160
4147 491868
4148 492496
4149 497862
4150 512605
4151 515302
4152 516082
4153 516715
4154 518488
4155 506468
4156 511876
4157 512094
4158 513899
4159 515648
4160 534495
4161 534577
4162 535778
4163 537001
4164 543176
4165 476680
4166 476796
4167 480428
4168 482362
4169 482780
4170 534684
4171 539750
4172 539852
4173 544154
4174 548204
4175 491642
4176 498715
4177 500687
4178 506208
4179 506276
4180 503381
4181 505613
4182 506359
4183 506637
4184 507376
4185 468510
4186 469816
4187 470953
4188 471111
4189 472036
4190 501716
4191 502133
4192 505464
4193 506243
4194 507763
4195 503915
4196 504098
4197 505895
4198 508491
4199 510949
4200 534769
4201 535958
4202 536881
4203 537258
4204 538551
4205 510399
4206 518426
4207 518536
4208 519702
4209 521360
4210 538162
4211 541555
4212 544813
4213 545490
4214 552833
4215 502370
4216 509927
4217 510341
4218 513789
4219 515682
4220 496485
4221 499843
4222 501033
4223 501301
4224 501918
4225 566926
4226 567560
4227 569701
4228 569780
4229 574076
4230 483670
4231 491691
4232 496057
4233 498434
4234 498868
4235 465523
4236 473471
4237 473590
4238 478936
4239 481054
4240 538320
4241 543881
4242 546627
4243 549158
4244 552300
4245 525488
4246 526839
4247 529283
4248 532418
4249 532807
4250 485899
4251 487099
4252 488378
4253 488562
4254 489186
4255 505648
4256 506119
4257 509279
4258 515415
4259 518956
4260 467084
4261 468026
4262 471607
4263 474429
4264 478919
4265 539469
4266 540257
4267 540335
4268 543686
4269 545195
4270 487209
4271 490854
4272 491252
4273 493608
4274 493739
4275 474464
4276 474551
4277 474691
4278 474852
4279 474964
4280 445268
4281 445472
4282 446445
4283 447737
4284 449906
4285 445765
4286 446279
4287 446494
4288 450939
4289 453453
4290 489933
4291 496750
4292 497000
4293 498141
4294 501824
4295 493101
4296 495521
4297 495741
4298 499235
4299 499659
4300 538845
4301 540385
4302 540664
4303 542508
4304 545137
4305 485480
4306 486846
4307 487150
4308 492750
4309 492881
4310 477029
4311 485075
4312 487074
4313 489058
4314 489979
4315 552660
4316 552720
4317 556071
4318 557795
4319 559755
4320 475488
4321 476467
4322 482791
4323 483577
4324 486986
4325 517370
4326 520810
4327 522164
4328 525954
4329 526577
4330 494555
4331 495857
4332 500090
4333 501814
4334 503259
4335 526948
4336 527709
4337 530435
4338 531316
4339 538794
4340 519968
4341 520972
4342 522208
4343 523037
4344 523789
4345 472493
4346 475579
4347 475941
4348 476145
4349 482879
4350 457187
4351 458563
4352 459131
4353 462944
4354 465570
4355 542067
4356 544479
4357 547928
4358 552844
4359 553981
4360 557359
4361 558936
4362 559612
4363 564395
4364 565382
4365 501312
4366 505799
4367 506115
4368 509332
4369 509955
4370 500892
4371 502728
4372 505705
4373 506777
4374 507092
4375 483317
4376 485735
4377 485974
4378 487342
4379 488258
4380 452233
4381 455207
4382 456236
4383 457148
4384 457664
4385 464923
4386 470763
4387 471208
4388 471340
4389 473684
4390 512482
4391 517946
4392 518847
4393 523769
4394 527915
4395 499119
4396 501887
4397 503083
4398 508537
4399 509339
4400 507992
4401 513132
4402 513174
4403 515419
4404 518374
4405 477428
4406 480979
4407 483094
4408 484342
4409 488510
4410 538263
4411 544631
4412 544768
4413 546964
4414 550901
4415 518666
4416 521344
4417 522809
4418 524772
4419 524894
4420 516727
4421 523235
4422 525337
4423 526813
4424 532216
4425 447117
4426 449528
4427 454979
4428 458824
4429 463497
4430 483011
4431 486244
4432 487225
4433 489719
4434 492697
4435 531114
4436 534921
4437 535440
4438 538741
4439 543482
4440 512495
4441 517556
4442 519187
4443 519657
4444 521559
4445 490299
4446 491077
4447 493402
4448 497365
4449 500977
4450 439884
4451 440015
4452 440224
4453 445162
4454 448472
4455 512810
4456 516306
4457 520094
4458 521212
4459 526284
4460 453770
4461 455459
4462 460472
4463 460527
4464 463064
4465 511883
4466 516691
4467 518132
4468 518681
4469 519391
4470 489748
4471 490295
4472 491758
4473 492083
4474 493837
4475 532434
4476 533141
4477 534327
4478 534938
4479 536110
4480 527125
4481 528894
4482 530693
4483 531309
4484 532829
4485 531858
4486 538238
4487 539728
4488 544089
4489 545008
4490 506030
4491 508133
4492 508978
4493 509656
4494 515116
4495 543959
4496 544982
4497 545762
4498 545785
4499 549738
4500 496013
4501 497544
4502 497555
4503 500443
4504 501640
4505 476356
4506 481974
4507 483166
4508 483914
4509 490317
4510 465902
4511 466445
4512 466863
4513 467205
4514 468185
4515 447416
4516 450404
4517 452375
4518 452632
4519 453704
4520 470156
4521 474001
4522 476934
4523 478455
4524 479340
4525 482830
4526 483476
4527 485810
4528 486130
4529 491124
4530 467324
4531 471659
4532 472610
4533 473519
4534 476029
4535 489409
4536 490697
4537 491176
4538 492110
4539 493395
4540 444437
4541 445348
4542 447004
4543 450469
4544 453093
4545 506549
4546 508791
4547 509543
4548 513642
4549 514166
4550 458769
4551 459465
4552 461577
4553 462969
4554 463124
4555 448532
4556 455013
4557 455793
4558 455829
4559 462234
4560 464222
4561 464645
4562 466847
4563 469002
4564 472311
4565 491786
4566 492294
4567 492979
4568 493083
4569 495880
4570 472628
4571 476128
4572 476660
4573 482343
4574 484953
4575 466402
4576 470667
4577 474225
4578 477043
4579 479235
4580 535192
4581 538157
4582 538377
4583 540125
4584 542195
4585 528326
4586 528858
4587 535376
4588 535812
4589 535853
4590 489821
4591 490834
4592 491360
4593 491945
4594 496194
4595 462854
4596 469107
4597 470164
4598 470315
4599 471324
4600 498415
4601 499204
4602 503044
4603 505421
4604 509203
4605 553080
4606 555239
4607 555553
4608 558263
4609 558677
4610 510457
4611 511606
4612 511654
4613 514335
4614 515465
4615 524662
4616 527580
4617 528279
4618 532359
4619 535493
4620 512143
4621 512869
4622 513783
4623 513937
4624 520192
4625 476727
4626 479767
4627 482385
4628 483913
4629 486108
4630 511551
4631 514024
4632 514916
4633 518736
4634 519338
4635 503095
4636 506131
4637 508763
4638 508830
4639 509940
4640 514974
4641 515374
4642 517174
4643 517938
4644 524441
4645 559598
4646 563595
4647 563642
4648 566280
4649 568825
4650 550919
4651 551622
4652 553205
4653 555130
4654 555624
4655 502696
4656 508277
4657 509493
4658 509908
4659 516439
4660 497630
4661 498939
4662 500869
4663 503554
4664 509081
4665 526980
4666 531295
4667 533341
4668 534643
4669 539209
4670 505172
4671 506614
4672 507732
4673 508561
4674 514374
4675 470343
4676 473362
4677 474948
4678 475447
4679 476966
4680 493517
4681 496052
4682 497618
4683 500491
4684 504283
4685 512409
4686 512763
4687 514629
4688 515224
4689 515741
4690 508533
4691 513905
4692 517422
4693 517892
4694 521081
4695 526281
4696 529795
4697 530700
4698 533835
4699 535884
4700 543520
4701 544710
4702 544718
4703 545107
4704 551137
4705 499521
4706 500236
4707 502405
4708 503586
4709 506545
4710 419319
4711 419783
4712 422502
4713 423300
4714 427633
4715 533177
4716 534279
4717 541873
4718 545711
4719 546073
4720 492118
4721 493249
4722 495058
4723 495151
4724 495643
4725 410790
4726 412543
4727 414112
4728 418929
4729 420782
4730 525194
4731 528115
4732 528425
4733 529176
4734 529901
4735 506826
4736 512892
4737 513698
4738 514337
4739 517886
4740 482774
4741 484044
4742 490937
4743 493896
4744 494459
4745 511865
4746 514848
4747 515505
4748 516428
4749 520833
4750 454147
4751 458236
4752 458799
4753 459226
4754 459837
4755 501491
4756 502444
4757 503728
4758 508641
4759 510499
4760 495806
4761 505258
4762 505749
4763 506550
4764 508622
4765 510019
4766 515967
4767 516471
4768 518548
4769 519680
4770 463008
4771 470419
4772 472187
4773 473908
4774 476371
4775 509493
4776 509648
4777 510414
4778 510716
4779 512008
4780 480684
4781 486014
4782 486996
4783 487718
4784 494612
4785 541659
4786 546572
4787 546880
4788 550426
4789 552071
4790 515069
4791 518230
4792 519820
4793 521650
4794 523516
4795 484372
4796 484647
4797 487342
4798 488742
4799 492745
4800 480620
4801 481982
4802 484102
4803 484105
4804 490998
4805 482367
4806 482417
4807 482514
4808 484529
4809 485883
4810 504919
4811 510132
4812 510918
4813 514020
4814 516072
4815 492194
4816 495601
4817 495714
4818 497911
4819 499979
4820 432117
4821 435696
4822 437213
4823 439321
4824 439858
4825 516918
4826 522274
4827 525948
4828 528678
4829 530174
4830 497864
4831 498453
4832 499651
4833 500439
4834 503499
4835 494887
4836 496902
4837 497063
4838 501125
4839 502804
4840 455755
4841 462553
4842 466373
4843 468611
4844 469319
4845 497408
4846 499867
4847 503504
4848 503972
4849 506516
4850 596709
4851 601628
4852 603164
4853 604411
4854 604859
4855 490096
4856 491369
4857 492653
4858 494466
4859 497960
4860 503644
4861 509838
4862 512952
4863 514935
4864 516128
4865 512928
4866 517590
4867 518191
4868 521427
4869 525418
4870 480901
4871 481398
4872 481502
4873 481629
4874 488977
4875 548408
4876 554686
4877 556100
4878 557991
4879 563460
4880 475637
4881 477062
4882 478635
4883 479753
4884 479961
4885 526457
4886 530804
4887 531553
4888 531748
4889 536948
4890 461217
4891 465930
4892 466045
4893 466720
4894 466798
4895 501785
4896 504529
4897 504550
4898 506289
4899 507410
4900 513519
4901 517730
4902 518430
4903 520684
4904 521709
4905 535305
4906 543491
4907 544006
4908 547528
4909 549814
4910 492568
4911 497274
4912 497355
4913 499283
4914 504025
4915 505864
4916 507289
4917 512764
4918 513915
4919 516907
4920 510308
4921 512480
4922 513378
4923 516721
4924 519399
4925 504147
4926 505022
4927 506645
4928 506989
4929 515963
4930 539836
4931 541518
4932 542502
4933 542511
4934 545336
4935 464437
4936 465526
4937 467580
4938 470546
4939 471221
4940 528321
4941 529383
4942 531364
4943 532941
4944 534383
4945 521758
4946 528285
4947 529779
4948 531683
4949 536764
4950 452507
4951 454261
4952 456269
4953 457338
4954 459970
4955 544383
4956 549696
4957 550121
4958 551942
4959 553638
4960 499455
4961 501205
4962 502230
4963 506315
4964 508840
4965 504532
4966 506148
4967 512354
4968 512992
4969 518873
4970 503932
4971 505208
4972 508401
4973 509512
4974 510485
4975 487046
4976 489346
4977 489608
4978 489634
4979 491843
4980 574748
4981 577836
4982 580379
4983 581822
4984 588973
4985 489804
4986 489973
4987 491310
4988 494891
4989 497713
4990 508866
4991 509488
4992 509768
4993 513339
4994 514416
4995 512922
4996 514875
4997 519265
4998 521403
4999 521733
