0 491652
1 473074
2 479665
3 491231
4 461802
5 564933
6 518082
7 518601
8 475704
9 518763
10 543373
11 526674
12 481228
13 513808
14 497500
15 489241
16 544359
17 543739
18 485706
19 492909
20 466051
21 489781
22 503696
23 554378
24 447797
25 516104
26 505298
27 473478
28 528119
29 523443
30 534692
31 529747
32 540546
33 483666
34 493350
35 521296
36 523034
37 510123
38 558045
39 546403
40 448839
41 492192
42 490212
43 524156
44 525887
45 474458
46 513920
47 499278
48 482547
49 577642
50 518821
51 509249
52 480655
53 445373
54 526583
55 469317
56 461291
57 506265
58 432287
59 484775
60 526398
61 503536
62 477446
63 554746
64 558673
65 540382
66 548896
67 565324
68 487829
69 505510
70 583892
71 527807
72 532534
73 509840
74 507201
75 470853
76 493482
77 534375
78 511329
79 451165
80 531163
81 543062
82 527662
83 505231
84 538027
85 476582
86 515947
87 493280
88 536021
89 493256
90 517556
91 532000
92 512691
93 536056
94 540469
95 529325
96 508581
97 495937
98 502844
99 508769
100 546596
101 519050
102 486379
103 511880
104 520746
105 562386
106 516365
107 515466
108 539238
109 473490
110 453339
111 490305
112 507621
113 443131
114 477781
115 444375
116 495287
117 525087
118 474389
119 494265
120 498105
121 473766
122 545643
123 519027
124 452866
125 535020
126 511171
127 556715
128 536103
129 504120
130 476060
131 514597
132 477852
133 509714
134 526693
135 538812
136 455913
137 568308
138 515647
139 535836
140 501354
141 553271
142 561414
143 487549
144 491922
145 470714
146 479533
147 477205
148 556670
149 450239
150 505390
151 554612
152 500529
153 514416
154 464645
155 487989
156 499256
157 504463
158 481304
159 527796
160 467041
161 531787
162 544336
163 533121
164 508689
165 447689
166 513709
167 472051
168 485710
169 504072
170 553756
171 541533
172 553195
173 505095
174 489874
175 511627
176 576062
177 509650
178 513748
179 513265
180 486130
181 490297
182 511020
183 492666
184 471597
185 505839
186 540600
187 462776
188 537650
189 594592
190 488650
191 482438
192 550889
193 507057
194 458320
195 492584
196 503566
197 505984
198 460772
199 582770
200 512072
201 472614
202 497526
203 421599
204 508731
205 490367
206 519441
207 503416
208 471603
209 468229
210 500560
211 510186
212 474616
213 515883
214 525436
215 483045
216 474581
217 520888
218 489231
219 486864
220 544652
221 489073
222 514548
223 488578
224 503330
225 559012
226 450459
227 568654
228 513564
229 480912
230 535189
231 479964
232 495576
233 511538
234 516327
235 493931
236 490706
237 494827
238 502816
239 484615
240 514476
241 518669
242 526514
243 541811
244 567534
245 541964
246 501733
247 520222
248 503410
249 515306
250 472889
251 546587
252 528472
253 504168
254 529475
255 531906
256 453106
257 498881
258 532811
259 487573
260 525333
261 541995
262 511917
263 501292
264 515847
265 465904
266 564791
267 494733
268 531005
269 492302
270 514435
271 533675
272 456736
273 483942
274 472208
275 494991
276 554996
277 492707
278 543006
279 483917
280 506333
281 546554
282 440494
283 513931
284 561403
285 474142
286 534609
287 490922
288 515567
289 487176
290 533704
291 496992
292 503525
293 513352
294 465428
295 458999
296 493390
297 500552
298 496187
299 478940
300 434551
301 489006
302 521875
303 528157
304 495713
305 512991
306 535049
307 501116
308 475787
309 471403
310 510215
311 523149
312 505026
313 495272
314 527835
315 509737
316 471226
317 480839
318 444181
319 490831
320 554276
321 491419
322 472383
323 544015
324 519670
325 524981
326 529568
327 487516
328 491487
329 511015
330 484080
331 482505
332 528647
333 489295
334 454752
335 481987
336 484227
337 527773
338 509533
339 487182
340 475797
341 515077
342 486845
343 513774
344 518770
345 556082
346 513486
347 510937
348 496127
349 473795
350 516710
351 544520
352 555121
353 506794
354 512230
355 539418
356 507105
357 501901
358 577165
359 489479
360 440088
361 478130
362 485093
363 589076
364 462080
365 494168
366 507954
367 528227
368 563130
369 508164
370 504271
371 499210
372 529152
373 504271
374 451144
375 517596
376 532468
377 410433
378 476183
379 499914
380 521133
381 525638
382 506287
383 495158
384 519715
385 532519
386 513171
387 489297
388 522950
389 511529
390 466790
391 520191
392 529102
393 440206
394 503992
395 504136
396 479394
397 474930
398 475159
399 421091
400 478936
401 493529
402 502500
403 496842
404 473672
405 513802
406 512891
407 454788
408 486421
409 543663
410 486336
411 542765
412 484916
413 482961
414 543408
415 531919
416 422881
417 505940
418 552987
419 548523
420 570281
421 509026
422 564261
423 543015
424 502507
425 495901
426 482420
427 452872
428 555046
429 495715
430 505583
431 493873
432 532851
433 513984
434 527921
435 532956
436 459673
437 508343
438 478217
439 514502
440 484072
441 515496
442 502932
443 484850
444 489944
445 476460
446 485003
447 478757
448 520469
449 489183
450 515102
451 515153
452 464774
453 518699
454 500312
455 528989
456 508150
457 468003
458 529643
459 506356
460 507174
461 529383
462 542014
463 497770
464 515592
465 499672
466 519205
467 521347
468 480118
469 495325
470 480692
471 481206
472 524031
473 539313
474 506189
475 514859
476 494707
477 492724
478 547825
479 546467
480 495743
481 510371
482 462718
483 526153
484 451956
485 538384
486 531046
487 539373
488 576494
489 513615
490 493628
491 513944
492 522737
493 491723
494 526839
495 515344
496 474059
497 456788
498 510151
499 549036
500 523112
501 452975
502 512892
503 476043
504 452096
505 498248
506 534242
507 509382
508 460567
509 505787
510 513928
511 460873
512 521256
513 475084
514 487761
515 485261
516 543980
517 476390
518 528217
519 498524
520 508798
521 502713
522 468478
523 520569
524 497260
525 471876
526 462727
527 518361
528 496583
529 553906
530 557483
531 495974
532 532320
533 471592
534 447247
535 464366
536 547392
537 492758
538 471916
539 503254
540 544301
541 499307
542 527487
543 530496
544 457675
545 502152
546 494001
547 529340
548 502527
549 468001
550 471224
551 490192
552 488463
553 538836
554 516314
555 505087
556 505073
557 417635
558 506708
559 525241
560 483057
561 502284
562 537057
563 523259
564 469555
565 490818
566 478125
567 488647
568 505183
569 518612
570 548499
571 503765
572 504887
573 497112
574 586697
575 482482
576 513354
577 499275
578 491304
579 519533
580 486590
581 473386
582 498196
583 537727
584 556862
585 506309
586 512017
587 528957
588 523397
589 545605
590 487310
591 527849
592 483850
593 490401
594 497457
595 507001
596 464877
597 488529
598 530709
599 509080
600 520327
601 525768
602 481806
603 499692
604 521669
605 544668
606 494494
607 521679
608 541770
609 463381
610 520778
611 531916
612 540615
613 500301
614 551125
615 470134
616 497708
617 557860
618 492004
619 510533
620 513157
621 540435
622 474767
623 477385
624 485733
625 484086
626 526761
627 514911
628 473936
629 480504
630 529727
631 542399
632 475265
633 481033
634 462393
635 524042
636 528825
637 530104
638 542876
639 567178
640 504953
641 515784
642 428269
643 545464
644 532473
645 527542
646 513058
647 509803
648 440251
649 537033
650 501619
651 498358
652 540027
653 491659
654 495155
655 525870
656 441361
657 506625
658 495746
659 480481
660 518721
661 580763
662 529290
663 445812
664 528447
665 531910
666 494732
667 474342
668 508325
669 480611
670 555720
671 429372
672 511767
673 498147
674 529217
675 565486
676 483202
677 494631
678 502837
679 492057
680 471240
681 538254
682 471367
683 542629
684 483771
685 560609
686 501178
687 537843
688 619250
689 570312
690 507962
691 548720
692 491538
693 452194
694 522868
695 428821
696 514412
697 524129
698 475483
699 509643
700 508201
701 524672
702 521465
703 511243
704 566069
705 491670
706 527580
707 481241
708 481105
709 518224
710 464020
711 519005
712 474785
713 498299
714 480320
715 477312
716 477572
717 490872
718 490883
719 478182
720 454636
721 469008
722 412058
723 384676
724 494638
725 537763
726 497056
727 522885
728 524185
729 507421
730 487477
731 478960
732 516470
733 484383
734 509497
735 478518
736 555746
737 479278
738 483473
739 590708
740 514295
741 425483
742 529981
743 496836
744 462783
745 471807
746 512611
747 551236
748 483802
749 524698
750 505568
751 444196
752 549397
753 435158
754 520641
755 517401
756 498020
757 500107
758 468043
759 441653
760 539306
761 526749
762 493639
763 512205
764 521791
765 493624
766 510966
767 502699
768 455597
769 432330
770 499391
771 480437
772 495429
773 534672
774 543958
775 406474
776 478788
777 495567
778 534445
779 489210
780 519453
781 496922
782 541613
783 474591
784 508261
785 530425
786 552542
787 473053
788 529431
789 470432
790 519417
791 504845
792 483076
793 567638
794 464710
795 432004
796 525560
797 510073
798 520830
799 495291
800 515349
801 571828
802 532799
803 495349
804 465970
805 509876
806 510586
807 532298
808 529606
809 453751
810 504818
811 559058
812 510183
813 535501
814 513407
815 587014
816 501705
817 535324
818 530824
819 534769
820 522438
821 557210
822 493714
823 497097
824 516995
825 493701
826 532827
827 483642
828 505582
829 514585
830 479676
831 523550
832 485456
833 469896
834 518329
835 535702
836 496981
837 505919
838 566529
839 548190
840 516090
841 523045
842 471009
843 519531
844 476291
845 484253
846 466301
847 573724
848 469583
849 494889
850 500373
851 556024
852 528237
853 488500
854 519599
855 450810
856 461647
857 501206
858 503983
859 482050
860 525714
861 567609
862 516308
863 443427
864 514786
865 537977
866 496080
867 513647
868 564251
869 577178
870 541232
871 560091
872 510196
873 493018
874 539009
875 531689
876 549266
877 501979
878 544130
879 492869
880 472684
881 499935
882 463265
883 485660
884 544136
885 505974
886 486756
887 545041
888 475260
889 540292
890 490530
891 592161
892 520863
893 517133
894 520474
895 513339
896 504793
897 456505
898 515954
899 530729
900 462662
901 489044
902 487108
903 504575
904 453087
905 445582
906 485234
907 492097
908 474993
909 498807
910 487408
911 486847
912 527192
913 521347
914 540223
915 509675
916 559952
917 483997
918 476763
919 479611
920 516695
921 509701
922 533185
923 509137
924 457530
925 443664
926 542100
927 511402
928 512989
929 484439
930 464157
931 463278
932 508220
933 507204
934 450293
935 514004
936 491429
937 472715
938 530187
939 562346
940 472786
941 550280
942 495026
943 513137
944 456458
945 468098
946 517262
947 530533
948 498422
949 448432
950 488411
951 516154
952 523754
953 569833
954 493749
955 547959
956 518647
957 501670
958 502687
959 537821
960 513602
961 466686
962 521096
963 460651
964 527920
965 534949
966 508846
967 580659
968 523200
969 539791
970 532491
971 552335
972 553594
973 432549
974 489270
975 519494
976 494920
977 495275
978 542573
979 511301
980 513802
981 465209
982 485434
983 489863
984 540898
985 496876
986 517098
987 496583
988 481902
989 559642
990 537314
991 524567
992 512137
993 589119
994 470276
995 511666
996 521734
997 496982
998 548367
999 523842
