0 506397
1 564537
2 564537
3 564537
4 564537
5 564537
6 564537
7 564537
8 564537
9 564537
10 564537
11 564537
12 564537
13 564537
14 564537
15 564537
16 564537
17 564537
18 564537
19 564537
20 564537
21 564537
22 564537
23 568528
24 568528
25 568528
26 568528
27 568528
28 568528
29 568528
30 568528
31 568528
32 568528
33 568528
34 568528
35 568528
36 568528
37 568528
38 568528
39 588403
40 588403
41 588403
42 588403
43 588403
44 588403
45 588403
46 588403
47 588403
48 588403
49 588403
50 588403
51 588403
52 588403
53 588403
54 588403
55 588403
56 588403
57 588403
58 588403
59 588403
60 588403
61 588403
62 588403
63 588403
64 588403
65 588403
66 588403
67 588403
68 588403
69 588403
70 588403
71 588403
72 588403
73 588403
74 588403
75 588403
76 588403
77 588403
78 588403
79 588403
80 588403
81 588403
82 588403
83 588403
84 588403
85 588403
86 588403
87 588403
88 588403
89 588403
90 588403
91 588403
92 588403
93 588403
94 588403
95 588403
96 588403
97 588403
98 588403
99 588403
100 588403
101 588403
102 588403
103 588403
104 588403
105 588403
106 588403
107 588403
108 588403
109 588403
110 588403
111 588403
112 588403
113 588403
114 588403
115 588403
116 588403
117 588403
118 588403
119 588403
120 588403
121 588403
122 588403
123 588403
124 588403
125 588403
126 588403
127 588403
128 588403
129 588403
130 588403
131 588403
132 588403
133 588403
134 588403
135 588403
136 588403
137 588403
138 588403
139 588403
140 588403
141 588403
142 588403
143 588403
144 588403
145 588403
146 588403
147 588403
148 588403
149 588403
150 588403
151 588403
152 588403
153 588403
154 588403
155 588403
156 588403
157 588403
158 588403
159 588403
160 588403
161 588403
162 588403
163 588403
164 588403
165 588403
166 588403
167 588403
168 588403
169 588403
170 588403
171 588403
172 588403
173 588403
174 588403
175 588403
176 588403
177 588403
178 588403
179 588403
180 588403
181 588403
182 588403
183 588403
184 588403
185 588403
186 596894
187 596894
188 596894
189 596894
190 596894
191 596894
192 596894
193 596894
194 596894
195 596894
196 596894
197 596894
198 596894
199 596894
200 596894
201 596894
202 596894
203 596894
204 596894
205 596894
206 596894
207 596894
208 596894
209 596894
210 596894
211 596894
212 596894
213 596894
214 596894
215 596894
216 596894
217 596894
218 596894
219 596894
220 596894
221 596894
222 596894
223 596894
224 596894
225 596894
226 596894
227 596894
228 596894
229 596894
230 596894
231 596894
232 596894
233 596894
234 596894
235 596894
236 596894
237 596894
238 596894
239 596894
240 596894
241 596894
242 596894
243 596894
244 596894
245 596894
246 596894
247 596894
248 596894
249 596894
250 596894
251 596894
252 596894
253 596894
254 596894
255 596894
256 596894
257 596894
258 596894
259 596894
260 596894
261 596894
262 596894
263 596894
264 596894
265 596894
266 596894
267 596894
268 596894
269 596894
270 596894
271 596894
272 596894
273 596894
274 596894
275 596894
276 596894
277 596894
278 596894
279 596894
280 596894
281 596894
282 596894
283 596894
284 596894
285 596894
286 596894
287 596894
288 596894
289 596894
290 596894
291 596894
292 596894
293 596894
294 596894
295 596894
296 596894
297 596894
298 596894
299 596894
300 596894
301 596894
302 596894
303 596894
304 596894
305 596894
306 596894
307 596894
308 596894
309 596894
310 596894
311 596894
312 596894
313 596894
314 596894
315 596894
316 596894
317 596894
318 596894
319 596894
320 596894
321 596894
322 596894
323 596894
324 596894
325 596894
326 596894
327 596894
328 596894
329 596894
330 596894
331 596894
332 596894
333 596894
334 596894
335 596894
336 596894
337 596894
338 596894
339 596894
340 596894
341 596894
342 596894
343 596894
344 596894
345 596894
346 596894
347 596894
348 596894
349 596894
350 596894
351 596894
352 596894
353 596894
354 596894
355 596894
356 596894
357 596894
358 596894
359 596894
360 596894
361 596894
362 596894
363 596894
364 596894
365 596894
366 596894
367 596894
368 596894
369 596894
370 596894
371 596894
372 596894
373 596894
374 596894
375 596894
376 596894
377 596894
378 596894
379 596894
380 596894
381 596894
382 596894
383 596894
384 596894
385 596894
386 596894
387 596894
388 596894
389 596894
390 596894
391 596894
392 596894
393 596894
394 596894
395 596894
396 596894
397 596894
398 596894
399 596894
400 596894
401 596894
402 596894
403 596894
404 596894
405 596894
406 596894
407 596894
408 596894
409 596894
410 596894
411 596894
412 596894
413 596894
414 596894
415 596894
416 596894
417 596894
418 596894
419 596894
420 596894
421 596894
422 596894
423 596894
424 596894
425 596894
426 596894
427 596894
428 596894
429 596894
430 596894
431 596894
432 596894
433 596894
434 596894
435 596894
436 596894
437 596894
438 596894
439 596894
440 596894
441 596894
442 596894
443 596894
444 596894
445 596894
446 596894
447 596894
448 596894
449 596894
450 596894
451 596894
452 596894
453 596894
454 596894
455 596894
456 596894
457 596894
458 596894
459 596894
460 596894
461 596894
462 596894
463 596894
464 596894
465 596894
466 596894
467 596894
468 596894
469 596894
470 596894
471 596894
472 596894
473 596894
474 596894
475 596894
476 596894
477 596894
478 596894
479 596894
480 596894
481 596894
482 596894
483 596894
484 596894
485 596894
486 596894
487 596894
488 596894
489 596894
490 596894
491 596894
492 596894
493 596894
494 596894
495 596894
496 596894
497 596894
498 596894
499 596894
500 596894
501 596894
502 596894
503 596894
504 596894
505 596894
506 596894
507 596894
508 596894
509 596894
510 596894
511 596894
512 596894
513 596894
514 596894
515 596894
516 596894
517 596894
518 596894
519 596894
520 596894
521 596894
522 596894
523 596894
524 596894
525 596894
526 596894
527 596894
528 596894
529 596894
530 596894
531 596894
532 596894
533 596894
534 596894
535 596894
536 596894
537 596894
538 596894
539 596894
540 596894
541 596894
542 596894
543 596894
544 596894
545 596894
546 596894
547 596894
548 596894
549 596894
550 596894
551 596894
552 596894
553 596894
554 596894
555 596894
556 596894
557 596894
558 596894
559 596894
560 596894
561 596894
562 596894
563 596894
564 596894
565 596894
566 596894
567 596894
568 596894
569 596894
570 596894
571 596894
572 596894
573 596894
574 596894
575 596894
576 596894
577 596894
578 596894
579 596894
580 596894
581 596894
582 596894
583 596894
584 596894
585 596894
586 596894
587 596894
588 596894
589 596894
590 596894
591 596894
592 596894
593 596894
594 596894
595 596894
596 596894
597 596894
598 596894
599 596894
600 596894
601 596894
602 596894
603 596894
604 596894
605 596894
606 596894
607 596894
608 596894
609 596894
610 596894
611 596894
612 596894
613 596894
614 596894
615 596894
616 596894
617 596894
618 596894
619 596894
620 596894
621 596894
622 596894
623 596894
624 596894
625 596894
626 596894
627 596894
628 596894
629 596894
630 596894
631 596894
632 596894
633 596894
634 596894
635 596894
636 596894
637 596894
638 596894
639 596894
640 596894
641 596894
642 596894
643 596894
644 596894
645 596894
646 596894
647 596894
648 596894
649 596894
650 596894
651 596894
652 596894
653 596894
654 596894
655 596894
656 596894
657 596894
658 596894
659 596894
660 596894
661 596894
662 596894
663 596894
664 596894
665 596894
666 596894
667 596894
668 596894
669 596894
670 596894
671 596894
672 596894
673 596894
674 596894
675 596894
676 596894
677 596894
678 596894
679 596894
680 596894
681 596894
682 596894
683 596894
684 596894
685 596894
686 596894
687 596894
688 596894
689 596894
690 596894
691 596894
692 596894
693 596894
694 596894
695 596894
696 596894
697 596894
698 596894
699 596894
700 596894
701 596894
702 596894
703 596894
704 596894
705 596894
706 596894
707 596894
708 596894
709 596894
710 596894
711 596894
712 596894
713 596894
714 596894
715 596894
716 596894
717 596894
718 596894
719 596894
720 596894
721 596894
722 596894
723 596894
724 596894
725 596894
726 596894
727 596894
728 596894
729 596894
730 596894
731 596894
732 596894
733 596894
734 597757
735 597757
736 597757
737 597757
738 597757
739 597757
740 597757
741 597757
742 597757
743 597757
744 597757
745 597757
746 597757
747 597757
748 597757
749 597757
750 597757
751 597757
752 597757
753 597757
754 597757
755 597757
756 597757
757 597757
758 597757
759 597757
760 597757
761 597757
762 597757
763 597757
764 597757
765 597757
766 597757
767 597757
768 597757
769 597757
770 597757
771 597757
772 597757
773 597757
774 597757
775 597757
776 597757
777 597757
778 597757
779 597757
780 597757
781 597757
782 597757
783 597757
784 597757
785 597757
786 597757
787 597757
788 597757
789 597757
790 597757
791 597757
792 597757
793 597757
794 597757
795 597757
796 597757
797 597757
798 597757
799 597757
800 597757
801 597757
802 597757
803 597757
804 597757
805 597757
806 597757
807 597757
808 597757
809 597757
810 597757
811 597757
812 597757
813 597757
814 597757
815 597757
816 597757
817 597757
818 597757
819 597757
820 597757
821 597757
822 597757
823 597757
824 597757
825 597757
826 597757
827 597757
828 597757
829 597757
830 597757
831 597757
832 597757
833 597757
834 597757
835 597757
836 597757
837 597757
838 597757
839 597757
840 597757
841 597757
842 597757
843 597757
844 597757
845 597757
846 597757
847 597757
848 597757
849 597757
850 597757
851 597757
852 597757
853 597757
854 597757
855 597757
856 597757
857 597757
858 597757
859 597757
860 597757
861 597757
862 597757
863 597757
864 597757
865 597757
866 597757
867 597757
868 597757
869 597757
870 597757
871 597757
872 597757
873 597757
874 597757
875 597757
876 597757
877 597757
878 597757
879 597757
880 597757
881 597757
882 597757
883 597757
884 597757
885 597757
886 597757
887 597757
888 597757
889 597757
890 597757
891 597757
892 597757
893 597757
894 597757
895 597757
896 597757
897 597757
898 597757
899 597757
900 597757
901 597757
902 597757
903 597757
904 597757
905 597757
906 597757
907 597757
908 597757
909 597757
910 597757
911 597757
912 597757
913 597757
914 597757
915 597757
916 597757
917 597757
918 597757
919 597757
920 597757
921 597757
922 597757
923 597757
924 597757
925 597757
926 597757
927 597757
928 597757
929 597757
930 597757
931 597757
932 597757
933 597757
934 597757
935 597757
936 597757
937 597757
938 597757
939 597757
940 597757
941 597757
942 597757
943 597757
944 597757
945 597757
946 597757
947 597757
948 597757
949 597757
950 597757
951 597757
952 597757
953 597757
954 597757
955 597757
956 597757
957 597757
958 597757
959 597757
960 597757
961 597757
962 597757
963 597757
964 597757
965 597757
966 597757
967 597757
968 597757
969 597757
970 597757
971 597757
972 597757
973 597757
974 597757
975 597757
976 597757
977 597757
978 597757
979 597757
980 597757
981 597757
982 597757
983 597757
984 597757
985 597757
986 597757
987 597757
988 597757
989 597757
990 597757
991 597757
992 597757
993 597757
994 597757
995 597757
996 597757
997 597757
998 597757
999 597757
