0 488497
1 556377
2 556377
3 556377
4 556377
5 556377
6 556377
7 556377
8 556377
9 556377
10 556377
11 578149
12 578149
13 578149
14 578149
15 578149
16 578149
17 578149
18 578149
19 578149
20 578149
21 578149
22 578149
23 578149
24 578149
25 578149
26 578149
27 578149
28 578149
29 578149
30 578149
31 578149
32 578149
33 578149
34 583183
35 583183
36 583183
37 583183
38 583183
39 583183
40 583183
41 583183
42 583183
43 583183
44 583183
45 583183
46 583183
47 583183
48 583183
49 583183
50 583183
51 583183
52 583183
53 583183
54 583183
55 583183
56 583183
57 583183
58 583183
59 583183
60 583183
61 583183
62 583183
63 583183
64 583183
65 583183
66 583183
67 583183
68 583183
69 583183
70 583183
71 583183
72 583183
73 583183
74 583183
75 583183
76 583183
77 583183
78 583183
79 583183
80 583183
81 583183
82 583183
83 583183
84 583183
85 583183
86 583183
87 583183
88 583183
89 583183
90 583183
91 583183
92 583183
93 583183
94 583183
95 583183
96 583183
97 583183
98 583183
99 583183
100 583183
101 583183
102 583183
103 583183
104 583183
105 583183
106 583183
107 583183
108 583183
109 583183
110 587569
111 587569
112 587569
113 587569
114 587569
115 587569
116 587569
117 587569
118 587569
119 587569
120 587569
121 587569
122 587569
123 587569
124 587569
125 587569
126 587569
127 587569
128 587569
129 587569
130 587569
131 587569
132 587569
133 587569
134 587569
135 587569
136 587569
137 587569
138 587569
139 587569
140 587569
141 587569
142 587569
143 587569
144 587569
145 587569
146 587569
147 587569
148 587569
149 587569
150 587569
151 587569
152 587569
153 587569
154 587569
155 587569
156 587569
157 587569
158 587569
159 587569
160 587569
161 587569
162 587569
163 587569
164 587569
165 587569
166 587569
167 587569
168 587569
169 587569
170 587569
171 587569
172 587569
173 587569
174 587569
175 587569
176 587569
177 587569
178 587569
179 587569
180 587569
181 587569
182 587569
183 587569
184 587569
185 587569
186 587569
187 587569
188 587569
189 587569
190 587569
191 587569
192 587569
193 587569
194 587569
195 587569
196 587569
197 587569
198 587569
199 587569
200 587569
201 587569
202 587569
203 587569
204 587569
205 587569
206 587569
207 587569
208 587569
209 587569
210 587569
211 587569
212 587569
213 587569
214 587569
215 587569
216 587569
217 587569
218 587569
219 587569
220 587569
221 587569
222 587569
223 587569
224 587569
225 587569
226 587569
227 587569
228 587569
229 587569
230 587569
231 587569
232 587569
233 587569
234 587569
235 587569
236 587569
237 587569
238 587569
239 587569
240 587569
241 587569
242 587569
243 587569
244 587569
245 587569
246 587569
247 587569
248 587569
249 587569
250 587569
251 587569
252 587569
253 587569
254 587569
255 587569
256 587569
257 587569
258 587569
259 587569
260 587569
261 587569
262 587569
263 587569
264 587569
265 587569
266 587569
267 587569
268 587569
269 587569
270 587569
271 587569
272 587569
273 587569
274 587569
275 587569
276 587569
277 587569
278 587569
279 587569
280 587569
281 587569
282 587569
283 587569
284 587569
285 587569
286 587569
287 587569
288 587569
289 587569
290 587569
291 587569
292 587569
293 587569
294 587569
295 587569
296 587569
297 587569
298 587569
299 587569
300 587569
301 587569
302 587569
303 587569
304 587569
305 587569
306 587569
307 587569
308 587569
309 587569
310 587569
311 587569
312 587569
313 587569
314 587569
315 587569
316 587569
317 587569
318 587569
319 587569
320 587569
321 587569
322 587569
323 587569
324 587569
325 587569
326 587569
327 587569
328 587569
329 587569
330 587569
331 587569
332 587569
333 587569
334 587569
335 587569
336 587569
337 587569
338 587569
339 587569
340 587569
341 587569
342 587569
343 587569
344 587569
345 587569
346 587569
347 587569
348 587569
349 587569
350 587569
351 587569
352 587569
353 587569
354 587569
355 587569
356 587569
357 587569
358 587569
359 587569
360 587569
361 587569
362 587569
363 587569
364 587569
365 587569
366 587569
367 587569
368 587569
369 587569
370 587569
371 587569
372 587569
373 587569
374 587569
375 587569
376 587569
377 587569
378 587569
379 587569
380 587569
381 587569
382 587569
383 587569
384 587569
385 587569
386 587569
387 587569
388 587569
389 587569
390 587569
391 587569
392 587569
393 587569
394 587569
395 587569
396 587569
397 587569
398 587569
399 587569
400 587569
401 587569
402 587569
403 587569
404 587569
405 587569
406 587569
407 587569
408 587569
409 587569
410 587569
411 587569
412 587569
413 587569
414 587569
415 587569
416 587569
417 587569
418 587569
419 587569
420 587569
421 587569
422 587569
423 587569
424 587569
425 587569
426 587569
427 587569
428 587569
429 587569
430 587569
431 587569
432 587569
433 587569
434 587569
435 587569
436 587569
437 587569
438 587569
439 587569
440 587569
441 587569
442 587569
443 587569
444 587569
445 587569
446 587569
447 587569
448 587569
449 587569
450 587569
451 587569
452 587569
453 587569
454 587569
455 587569
456 587569
457 587569
458 587569
459 587569
460 587569
461 587569
462 587569
463 587569
464 587569
465 587569
466 587569
467 587569
468 587569
469 587569
470 587569
471 587569
472 587569
473 587569
474 587569
475 587569
476 587569
477 587569
478 587569
479 587569
480 587569
481 587569
482 587569
483 587569
484 587569
485 587569
486 587569
487 587569
488 587569
489 587569
490 587569
491 587569
492 587569
493 587569
494 587569
495 587569
496 587569
497 587569
498 587569
499 587569
500 587569
501 587569
502 587569
503 587569
504 587569
505 587569
506 587569
507 587569
508 587569
509 587569
510 587569
511 587569
512 587569
513 587569
514 587569
515 587569
516 587569
517 587569
518 587569
519 587569
520 587569
521 587569
522 587569
523 587569
524 587569
525 587569
526 587569
527 587569
528 587569
529 587569
530 587569
531 587569
532 587569
533 587569
534 587569
535 587569
536 587569
537 587569
538 587569
539 587569
540 587569
541 587569
542 587569
543 587569
544 587569
545 587569
546 587569
547 587569
548 587569
549 587569
550 587569
551 587569
552 587569
553 587569
554 587569
555 587569
556 587569
557 587569
558 587569
559 587569
560 587569
561 587569
562 587569
563 587569
564 587569
565 587569
566 587569
567 587569
568 587569
569 587569
570 587569
571 587569
572 587569
573 587569
574 587569
575 587569
576 587569
577 587569
578 587569
579 587569
580 587569
581 587569
582 587569
583 587569
584 587569
585 587569
586 587569
587 587569
588 587569
589 587569
590 587569
591 587569
592 587569
593 587569
594 587569
595 587569
596 587569
597 587569
598 587569
599 587569
600 587569
601 587569
602 587569
603 587569
604 587569
605 587569
606 587569
607 587569
608 587569
609 587569
610 587569
611 587569
612 587569
613 587569
614 587569
615 587569
616 587569
617 587569
618 587569
619 587569
620 587569
621 587569
622 587569
623 587569
624 587569
625 587569
626 587569
627 587569
628 587569
629 587569
630 587569
631 587569
632 587569
633 587569
634 587569
635 587569
636 587569
637 587569
638 587569
639 587569
640 587569
641 587569
642 587569
643 587569
644 587569
645 587569
646 587569
647 587569
648 587569
649 587569
650 587569
651 587569
652 587569
653 587569
654 587569
655 587569
656 587569
657 587569
658 587569
659 587569
660 587569
661 587569
662 587569
663 587569
664 587569
665 587569
666 587569
667 587569
668 587569
669 587569
670 587569
671 587569
672 587569
673 587569
674 587569
675 587569
676 587569
677 587569
678 587569
679 587569
680 587569
681 587569
682 587569
683 587569
684 587569
685 587569
686 587569
687 587569
688 587569
689 587569
690 587569
691 587569
692 587569
693 587569
694 587569
695 587569
696 587569
697 587569
698 587569
699 587569
700 587569
701 587569
702 587569
703 587569
704 587569
705 587569
706 587569
707 587569
708 587569
709 587569
710 587569
711 587569
712 587569
713 587569
714 587569
715 587569
716 587569
717 587569
718 587569
719 587569
720 587569
721 587569
722 587569
723 587569
724 587569
725 587569
726 587569
727 587569
728 587569
729 587569
730 587569
731 587569
732 587569
733 587569
734 587569
735 587569
736 587569
737 587569
738 587569
739 587569
740 587569
741 587569
742 587569
743 587569
744 587569
745 587569
746 587569
747 587569
748 587569
749 587569
750 587569
751 587569
752 587569
753 587569
754 587569
755 587569
756 587569
757 587569
758 587569
759 587569
760 587569
761 587569
762 587569
763 587569
764 587569
765 587569
766 587569
767 587569
768 587569
769 587569
770 587569
771 587569
772 587569
773 587569
774 587569
775 587569
776 587569
777 587569
778 587569
779 587569
780 587569
781 587569
782 587569
783 587569
784 587569
785 587569
786 587569
787 587569
788 587569
789 587569
790 587569
791 587569
792 587569
793 587569
794 587569
795 587569
796 587569
797 587569
798 587569
799 587569
800 587569
801 587569
802 587569
803 587569
804 587569
805 587569
806 587569
807 587569
808 587569
809 587569
810 587569
811 587569
812 587569
813 587569
814 587569
815 587569
816 587569
817 587569
818 587569
819 587569
820 587569
821 587569
822 587569
823 587569
824 587569
825 587569
826 587569
827 587569
828 587569
829 587569
830 587569
831 587569
832 587569
833 587569
834 587569
835 587569
836 587569
837 587569
838 587569
839 587569
840 587569
841 587569
842 587569
843 587569
844 587569
845 587569
846 587569
847 587569
848 587569
849 587569
850 587569
851 587569
852 587569
853 587569
854 587569
855 587569
856 587569
857 587569
858 587569
859 587569
860 587569
861 587569
862 587569
863 587569
864 587569
865 587569
866 587569
867 587569
868 587569
869 587569
870 587569
871 587569
872 587569
873 587569
874 587569
875 587569
876 587569
877 587569
878 587569
879 587569
880 587569
881 587569
882 587569
883 587569
884 587569
885 587569
886 587569
887 587569
888 587569
889 587569
890 587569
891 587569
892 587569
893 587569
894 587569
895 587569
896 587569
897 587569
898 587569
899 587569
900 587569
901 587569
902 587569
903 587569
904 587569
905 587569
906 587569
907 587569
908 587569
909 587569
910 587569
911 587569
912 587569
913 587569
914 587569
915 587569
916 587569
917 587569
918 587569
919 587569
920 587569
921 587569
922 587569
923 587569
924 587569
925 587569
926 587569
927 587569
928 587569
929 587569
930 587569
931 587569
932 587569
933 587569
934 587569
935 587569
936 587569
937 587569
938 587569
939 587569
940 587569
941 587569
942 587569
943 587569
944 587569
945 587569
946 587569
947 587569
948 587569
949 587569
950 587569
951 587569
952 587569
953 587569
954 587569
955 587569
956 587569
957 587569
958 587569
959 587569
960 587569
961 587569
962 587569
963 587569
964 587569
965 587569
966 587569
967 587569
968 587569
969 587569
970 604411
971 604411
972 604411
973 604411
974 604411
975 604411
976 604411
977 604411
978 604411
979 604411
980 604411
981 604411
982 604411
983 604411
984 604411
985 604411
986 604411
987 604411
988 604411
989 604411
990 604411
991 604411
992 604411
993 604411
994 604411
995 604411
996 604411
997 604411
998 604411
999 604411
