0 498328
1 503667
2 503667
3 503667
4 503667
5 503667
6 520647
7 540684
8 554674
9 554674
10 554674
11 554674
12 554674
13 554674
14 554674
15 554674
16 554674
17 554674
18 586810
19 586810
20 586810
21 586810
22 586810
23 586810
24 586810
25 586810
26 586810
27 586810
28 586810
29 586810
30 586810
31 586810
32 586810
33 586810
34 586810
35 586810
36 586810
37 586810
38 586810
39 586810
40 586810
41 586810
42 586810
43 586810
44 586810
45 586810
46 586810
47 586810
48 586810
49 586810
50 586810
51 586810
52 586810
53 586810
54 586810
55 586810
56 586810
57 586810
58 586810
59 586810
60 586810
61 586810
62 586810
63 586810
64 586810
65 586810
66 586810
67 586810
68 586810
69 586810
70 586810
71 586810
72 586810
73 586810
74 586810
75 586810
76 586810
77 586810
78 586810
79 586810
80 586810
81 586810
82 586810
83 586810
84 586810
85 586810
86 586810
87 586810
88 586810
89 586810
90 586810
91 586810
92 586810
93 586810
94 586810
95 586810
96 586810
97 586810
98 586810
99 586810
100 586810
101 586810
102 586810
103 586810
104 586810
105 586810
106 586810
107 586810
108 586810
109 586810
110 586810
111 586810
112 586810
113 586810
114 586810
115 586810
116 586810
117 586810
118 586810
119 586810
120 586810
121 586810
122 586810
123 586810
124 586810
125 586810
126 586810
127 586810
128 586810
129 586810
130 586810
131 586810
132 586810
133 586810
134 586810
135 586810
136 586810
137 586810
138 586810
139 586810
140 586810
141 586810
142 586810
143 586810
144 586810
145 586810
146 586810
147 586810
148 586810
149 586810
150 586810
151 586810
152 586810
153 586810
154 586810
155 586810
156 586810
157 586810
158 586810
159 586810
160 586810
161 586810
162 586810
163 586810
164 586810
165 586810
166 586810
167 586810
168 586810
169 586810
170 586810
171 586810
172 586810
173 586810
174 586810
175 586810
176 586810
177 586810
178 586810
179 586810
180 586810
181 586810
182 586810
183 586810
184 586810
185 586810
186 586810
187 586810
188 586810
189 586810
190 586810
191 586810
192 586810
193 586810
194 586810
195 586810
196 586810
197 586810
198 586810
199 586810
200 586810
201 586810
202 586810
203 586810
204 586810
205 586810
206 586810
207 586810
208 586810
209 586810
210 586810
211 591402
212 591402
213 591402
214 591402
215 591402
216 591402
217 591402
218 591402
219 591402
220 591402
221 591402
222 591402
223 591402
224 591402
225 591402
226 591402
227 591402
228 591402
229 591402
230 591402
231 591402
232 591402
233 591402
234 591402
235 591402
236 591402
237 591402
238 591402
239 591402
240 591402
241 591402
242 591402
243 591402
244 591402
245 591402
246 591402
247 591402
248 591402
249 591402
250 591402
251 591402
252 591402
253 591402
254 591402
255 591402
256 591402
257 591402
258 591402
259 591402
260 591402
261 591402
262 591402
263 591402
264 591402
265 591402
266 591402
267 591402
268 591402
269 591402
270 591402
271 591402
272 591402
273 591402
274 591402
275 591402
276 591402
277 591402
278 591402
279 591402
280 591402
281 591402
282 591402
283 591402
284 591402
285 591402
286 591402
287 591402
288 591402
289 591402
290 591402
291 591402
292 591402
293 591402
294 591402
295 591402
296 591402
297 591402
298 591402
299 591402
300 591402
301 591402
302 591402
303 591402
304 591402
305 591402
306 591402
307 591402
308 591402
309 591402
310 591402
311 591402
312 591402
313 591402
314 591402
315 591402
316 591402
317 591402
318 591402
319 591402
320 591402
321 591402
322 591402
323 591402
324 591402
325 591402
326 591402
327 591402
328 591402
329 591402
330 591402
331 591402
332 591402
333 591402
334 591402
335 591402
336 591402
337 591402
338 591402
339 591402
340 591402
341 591402
342 591402
343 591402
344 591402
345 591402
346 591402
347 591402
348 591402
349 591402
350 591402
351 591402
352 591402
353 591402
354 591402
355 591402
356 591402
357 591402
358 591402
359 591402
360 591402
361 591402
362 591402
363 591402
364 591402
365 591402
366 591402
367 591402
368 591402
369 591402
370 591402
371 591402
372 591402
373 591402
374 591402
375 591402
376 591402
377 591402
378 591402
379 591402
380 591402
381 591402
382 591402
383 591402
384 591402
385 591402
386 591402
387 591402
388 591402
389 591402
390 591402
391 591402
392 591402
393 591402
394 591402
395 591402
396 591402
397 591402
398 591402
399 591402
400 591402
401 591402
402 591402
403 591402
404 591402
405 591402
406 591402
407 591402
408 591402
409 591402
410 591402
411 591402
412 591402
413 591402
414 591402
415 591402
416 591402
417 591402
418 591402
419 591402
420 591402
421 591402
422 591402
423 591402
424 591402
425 591402
426 591402
427 591402
428 591402
429 591402
430 591402
431 591402
432 591402
433 591402
434 591402
435 591402
436 591402
437 591402
438 591402
439 591402
440 591402
441 591402
442 591402
443 591402
444 591402
445 591402
446 591402
447 591402
448 591402
449 591402
450 591402
451 591402
452 591402
453 591402
454 591402
455 591402
456 591402
457 591402
458 591402
459 591402
460 591402
461 591402
462 591402
463 591402
464 591402
465 591402
466 591402
467 591402
468 591402
469 591402
470 591402
471 591402
472 591402
473 591402
474 591402
475 591402
476 591402
477 591402
478 591402
479 591402
480 591402
481 591402
482 591402
483 591402
484 591402
485 591402
486 591402
487 591402
488 591402
489 591402
490 591402
491 591402
492 591402
493 591402
494 591402
495 591402
496 591402
497 591402
498 591402
499 591402
500 591402
501 591402
502 591402
503 591402
504 591402
505 591402
506 591402
507 591402
508 591402
509 591402
510 591402
511 591402
512 591402
513 591402
514 591402
515 591402
516 591402
517 591402
518 591402
519 591402
520 591402
521 591402
522 591402
523 591402
524 591402
525 591402
526 591402
527 591402
528 591402
529 591402
530 591402
531 591402
532 591402
533 591402
534 591402
535 591402
536 591402
537 591402
538 591402
539 591402
540 591402
541 591402
542 591402
543 591402
544 591402
545 591402
546 591402
547 591402
548 591402
549 591402
550 591402
551 591402
552 591402
553 591402
554 591402
555 591402
556 591402
557 591402
558 591402
559 591402
560 591402
561 591402
562 591402
563 591402
564 591402
565 591402
566 591402
567 591402
568 591402
569 591402
570 591402
571 591402
572 591402
573 591402
574 591402
575 591402
576 591402
577 591402
578 591402
579 591402
580 591402
581 591402
582 591402
583 591402
584 591402
585 591402
586 591402
587 591402
588 591402
589 591402
590 591402
591 591402
592 591402
593 591402
594 591402
595 591402
596 591402
597 591402
598 591402
599 591402
600 591402
601 591402
602 591402
603 591402
604 591402
605 591402
606 591402
607 591402
608 591402
609 591402
610 591402
611 591402
612 591402
613 591402
614 591402
615 591402
616 591402
617 591402
618 591402
619 591402
620 591402
621 591402
622 591402
623 591402
624 591402
625 591402
626 591402
627 591402
628 591402
629 591402
630 591402
631 591402
632 591402
633 591402
634 591402
635 591402
636 591402
637 591402
638 591402
639 591402
640 591402
641 591402
642 591402
643 591402
644 591402
645 591402
646 591402
647 591402
648 591402
649 591402
650 591402
651 591402
652 591402
653 591402
654 591402
655 591402
656 591402
657 591402
658 591402
659 591402
660 591402
661 591402
662 591402
663 591402
664 591402
665 591402
666 591402
667 591402
668 591402
669 591402
670 591402
671 591402
672 591402
673 591402
674 591402
675 591402
676 591402
677 591402
678 591402
679 591402
680 591402
681 591402
682 591402
683 591402
684 591402
685 591402
686 591402
687 591402
688 591402
689 591402
690 591402
691 591402
692 591402
693 591402
694 591402
695 591402
696 591402
697 591402
698 591402
699 591402
700 591402
701 591402
702 591402
703 591402
704 591402
705 591402
706 591402
707 591402
708 591402
709 591402
710 591402
711 591402
712 591402
713 591402
714 591402
715 591402
716 591402
717 591402
718 591402
719 591402
720 591402
721 591402
722 591402
723 591402
724 591402
725 591402
726 591402
727 591402
728 591402
729 591402
730 591402
731 591402
732 591402
733 591402
734 591402
735 591402
736 591402
737 591402
738 591402
739 591402
740 591402
741 591402
742 591402
743 591402
744 591402
745 591402
746 591402
747 591402
748 591402
749 591402
750 591402
751 591402
752 591402
753 591402
754 591402
755 591402
756 591402
757 591402
758 591402
759 591402
760 591402
761 591402
762 591402
763 591402
764 591402
765 591402
766 591402
767 591402
768 591402
769 591402
770 591402
771 591402
772 591402
773 591402
774 591402
775 591402
776 591402
777 591402
778 606162
779 606162
780 606162
781 606162
782 606162
783 606162
784 606162
785 606162
786 606162
787 606162
788 606162
789 606162
790 606162
791 606162
792 606162
793 606162
794 606162
795 606162
796 606162
797 606162
798 606162
799 606162
800 606162
801 606162
802 606162
803 606162
804 606162
805 606162
806 606162
807 606162
808 606162
809 606162
810 606162
811 606162
812 606162
813 606162
814 606162
815 606162
816 606162
817 606162
818 606162
819 606162
820 606162
821 606162
822 606162
823 606162
824 606162
825 606162
826 606162
827 606162
828 606162
829 606162
830 606162
831 606162
832 606162
833 606162
834 606162
835 606162
836 606162
837 606162
838 606162
839 606162
840 606162
841 606162
842 606162
843 606162
844 606162
845 606162
846 606162
847 606162
848 606162
849 606162
850 606162
851 606162
852 606162
853 606162
854 606162
855 606162
856 606162
857 606162
858 606162
859 606162
860 606162
861 606162
862 606162
863 606162
864 606162
865 606162
866 606162
867 606162
868 606162
869 606162
870 606162
871 606162
872 606162
873 606162
874 606162
875 606162
876 606162
877 606162
878 606162
879 606162
880 606162
881 606162
882 606162
883 606162
884 606162
885 606162
886 606162
887 606162
888 606162
889 606162
890 606162
891 606162
892 606162
893 606162
894 606162
895 606162
896 606162
897 606162
898 606162
899 606162
900 606162
901 606162
902 606162
903 606162
904 606162
905 606162
906 606162
907 606162
908 606162
909 606162
910 606162
911 606162
912 606162
913 606162
914 606162
915 606162
916 606162
917 606162
918 606162
919 606162
920 606162
921 606162
922 606162
923 606162
924 606162
925 606162
926 606162
927 606162
928 606162
929 606162
930 606162
931 606162
932 606162
933 606162
934 606162
935 606162
936 606162
937 606162
938 606162
939 606162
940 606162
941 606162
942 606162
943 606162
944 606162
945 606162
946 606162
947 606162
948 606162
949 606162
950 606162
951 606162
952 606162
953 606162
954 606162
955 606162
956 606162
957 606162
958 606162
959 606162
960 606162
961 606162
962 606162
963 606162
964 606162
965 606162
966 606162
967 606162
968 606162
969 606162
970 606162
971 606162
972 606162
973 606162
974 606162
975 606162
976 606162
977 606162
978 606162
979 606162
980 606162
981 606162
982 606162
983 606162
984 606162
985 606162
986 606162
987 606162
988 606162
989 606162
990 606162
991 606162
992 606162
993 606162
994 606162
995 606162
996 606162
997 606162
998 606162
999 606162
