0 491652
1 491652
2 491652
3 491652
4 491652
5 564933
6 564933
7 564933
8 564933
9 564933
10 564933
11 564933
12 564933
13 564933
14 564933
15 564933
16 564933
17 564933
18 564933
19 564933
20 564933
21 564933
22 564933
23 564933
24 564933
25 564933
26 564933
27 564933
28 564933
29 564933
30 564933
31 564933
32 564933
33 564933
34 564933
35 564933
36 564933
37 564933
38 564933
39 564933
40 564933
41 564933
42 564933
43 564933
44 564933
45 564933
46 564933
47 564933
48 564933
49 577642
50 577642
51 577642
52 577642
53 577642
54 577642
55 577642
56 577642
57 577642
58 577642
59 577642
60 577642
61 577642
62 577642
63 577642
64 577642
65 577642
66 577642
67 577642
68 577642
69 577642
70 583892
71 583892
72 583892
73 583892
74 583892
75 583892
76 583892
77 583892
78 583892
79 583892
80 583892
81 583892
82 583892
83 583892
84 583892
85 583892
86 583892
87 583892
88 583892
89 583892
90 583892
91 583892
92 583892
93 583892
94 583892
95 583892
96 583892
97 583892
98 583892
99 583892
100 583892
101 583892
102 583892
103 583892
104 583892
105 583892
106 583892
107 583892
108 583892
109 583892
110 583892
111 583892
112 583892
113 583892
114 583892
115 583892
116 583892
117 583892
118 583892
119 583892
120 583892
121 583892
122 583892
123 583892
124 583892
125 583892
126 583892
127 583892
128 583892
129 583892
130 583892
131 583892
132 583892
133 583892
134 583892
135 583892
136 583892
137 583892
138 583892
139 583892
140 583892
141 583892
142 583892
143 583892
144 583892
145 583892
146 583892
147 583892
148 583892
149 583892
150 583892
151 583892
152 583892
153 583892
154 583892
155 583892
156 583892
157 583892
158 583892
159 583892
160 583892
161 583892
162 583892
163 583892
164 583892
165 583892
166 583892
167 583892
168 583892
169 583892
170 583892
171 583892
172 583892
173 583892
174 583892
175 583892
176 583892
177 583892
178 583892
179 583892
180 583892
181 583892
182 583892
183 583892
184 583892
185 583892
186 583892
187 583892
188 583892
189 594592
190 594592
191 594592
192 594592
193 594592
194 594592
195 594592
196 594592
197 594592
198 594592
199 594592
200 594592
201 594592
202 594592
203 594592
204 594592
205 594592
206 594592
207 594592
208 594592
209 594592
210 594592
211 594592
212 594592
213 594592
214 594592
215 594592
216 594592
217 594592
218 594592
219 594592
220 594592
221 594592
222 594592
223 594592
224 594592
225 594592
226 594592
227 594592
228 594592
229 594592
230 594592
231 594592
232 594592
233 594592
234 594592
235 594592
236 594592
237 594592
238 594592
239 594592
240 594592
241 594592
242 594592
243 594592
244 594592
245 594592
246 594592
247 594592
248 594592
249 594592
250 594592
251 594592
252 594592
253 594592
254 594592
255 594592
256 594592
257 594592
258 594592
259 594592
260 594592
261 594592
262 594592
263 594592
264 594592
265 594592
266 594592
267 594592
268 594592
269 594592
270 594592
271 594592
272 594592
273 594592
274 594592
275 594592
276 594592
277 594592
278 594592
279 594592
280 594592
281 594592
282 594592
283 594592
284 594592
285 594592
286 594592
287 594592
288 594592
289 594592
290 594592
291 594592
292 594592
293 594592
294 594592
295 594592
296 594592
297 594592
298 594592
299 594592
300 594592
301 594592
302 594592
303 594592
304 594592
305 594592
306 594592
307 594592
308 594592
309 594592
310 594592
311 594592
312 594592
313 594592
314 594592
315 594592
316 594592
317 594592
318 594592
319 594592
320 594592
321 594592
322 594592
323 594592
324 594592
325 594592
326 594592
327 594592
328 594592
329 594592
330 594592
331 594592
332 594592
333 594592
334 594592
335 594592
336 594592
337 594592
338 594592
339 594592
340 594592
341 594592
342 594592
343 594592
344 594592
345 594592
346 594592
347 594592
348 594592
349 594592
350 594592
351 594592
352 594592
353 594592
354 594592
355 594592
356 594592
357 594592
358 594592
359 594592
360 594592
361 594592
362 594592
363 594592
364 594592
365 594592
366 594592
367 594592
368 594592
369 594592
370 594592
371 594592
372 594592
373 594592
374 594592
375 594592
376 594592
377 594592
378 594592
379 594592
380 594592
381 594592
382 594592
383 594592
384 594592
385 594592
386 594592
387 594592
388 594592
389 594592
390 594592
391 594592
392 594592
393 594592
394 594592
395 594592
396 594592
397 594592
398 594592
399 594592
400 594592
401 594592
402 594592
403 594592
404 594592
405 594592
406 594592
407 594592
408 594592
409 594592
410 594592
411 594592
412 594592
413 594592
414 594592
415 594592
416 594592
417 594592
418 594592
419 594592
420 594592
421 594592
422 594592
423 594592
424 594592
425 594592
426 594592
427 594592
428 594592
429 594592
430 594592
431 594592
432 594592
433 594592
434 594592
435 594592
436 594592
437 594592
438 594592
439 594592
440 594592
441 594592
442 594592
443 594592
444 594592
445 594592
446 594592
447 594592
448 594592
449 594592
450 594592
451 594592
452 594592
453 594592
454 594592
455 594592
456 594592
457 594592
458 594592
459 594592
460 594592
461 594592
462 594592
463 594592
464 594592
465 594592
466 594592
467 594592
468 594592
469 594592
470 594592
471 594592
472 594592
473 594592
474 594592
475 594592
476 594592
477 594592
478 594592
479 594592
480 594592
481 594592
482 594592
483 594592
484 594592
485 594592
486 594592
487 594592
488 594592
489 594592
490 594592
491 594592
492 594592
493 594592
494 594592
495 594592
496 594592
497 594592
498 594592
499 594592
500 594592
501 594592
502 594592
503 594592
504 594592
505 594592
506 594592
507 594592
508 594592
509 594592
510 594592
511 594592
512 594592
513 594592
514 594592
515 594592
516 594592
517 594592
518 594592
519 594592
520 594592
521 594592
522 594592
523 594592
524 594592
525 594592
526 594592
527 594592
528 594592
529 594592
530 594592
531 594592
532 594592
533 594592
534 594592
535 594592
536 594592
537 594592
538 594592
539 594592
540 594592
541 594592
542 594592
543 594592
544 594592
545 594592
546 594592
547 594592
548 594592
549 594592
550 594592
551 594592
552 594592
553 594592
554 594592
555 594592
556 594592
557 594592
558 594592
559 594592
560 594592
561 594592
562 594592
563 594592
564 594592
565 594592
566 594592
567 594592
568 594592
569 594592
570 594592
571 594592
572 594592
573 594592
574 594592
575 594592
576 594592
577 594592
578 594592
579 594592
580 594592
581 594592
582 594592
583 594592
584 594592
585 594592
586 594592
587 594592
588 594592
589 594592
590 594592
591 594592
592 594592
593 594592
594 594592
595 594592
596 594592
597 594592
598 594592
599 594592
600 594592
601 594592
602 594592
603 594592
604 594592
605 594592
606 594592
607 594592
608 594592
609 594592
610 594592
611 594592
612 594592
613 594592
614 594592
615 594592
616 594592
617 594592
618 594592
619 594592
620 594592
621 594592
622 594592
623 594592
624 594592
625 594592
626 594592
627 594592
628 594592
629 594592
630 594592
631 594592
632 594592
633 594592
634 594592
635 594592
636 594592
637 594592
638 594592
639 594592
640 594592
641 594592
642 594592
643 594592
644 594592
645 594592
646 594592
647 594592
648 594592
649 594592
650 594592
651 594592
652 594592
653 594592
654 594592
655 594592
656 594592
657 594592
658 594592
659 594592
660 594592
661 594592
662 594592
663 594592
664 594592
665 594592
666 594592
667 594592
668 594592
669 594592
670 594592
671 594592
672 594592
673 594592
674 594592
675 594592
676 594592
677 594592
678 594592
679 594592
680 594592
681 594592
682 594592
683 594592
684 594592
685 594592
686 594592
687 594592
688 619250
689 619250
690 619250
691 619250
692 619250
693 619250
694 619250
695 619250
696 619250
697 619250
698 619250
699 619250
700 619250
701 619250
702 619250
703 619250
704 619250
705 619250
706 619250
707 619250
708 619250
709 619250
710 619250
711 619250
712 619250
713 619250
714 619250
715 619250
716 619250
717 619250
718 619250
719 619250
720 619250
721 619250
722 619250
723 619250
724 619250
725 619250
726 619250
727 619250
728 619250
729 619250
730 619250
731 619250
732 619250
733 619250
734 619250
735 619250
736 619250
737 619250
738 619250
739 619250
740 619250
741 619250
742 619250
743 619250
744 619250
745 619250
746 619250
747 619250
748 619250
749 619250
750 619250
751 619250
752 619250
753 619250
754 619250
755 619250
756 619250
757 619250
758 619250
759 619250
760 619250
761 619250
762 619250
763 619250
764 619250
765 619250
766 619250
767 619250
768 619250
769 619250
770 619250
771 619250
772 619250
773 619250
774 619250
775 619250
776 619250
777 619250
778 619250
779 619250
780 619250
781 619250
782 619250
783 619250
784 619250
785 619250
786 619250
787 619250
788 619250
789 619250
790 619250
791 619250
792 619250
793 619250
794 619250
795 619250
796 619250
797 619250
798 619250
799 619250
800 619250
801 619250
802 619250
803 619250
804 619250
805 619250
806 619250
807 619250
808 619250
809 619250
810 619250
811 619250
812 619250
813 619250
814 619250
815 619250
816 619250
817 619250
818 619250
819 619250
820 619250
821 619250
822 619250
823 619250
824 619250
825 619250
826 619250
827 619250
828 619250
829 619250
830 619250
831 619250
832 619250
833 619250
834 619250
835 619250
836 619250
837 619250
838 619250
839 619250
840 619250
841 619250
842 619250
843 619250
844 619250
845 619250
846 619250
847 619250
848 619250
849 619250
850 619250
851 619250
852 619250
853 619250
854 619250
855 619250
856 619250
857 619250
858 619250
859 619250
860 619250
861 619250
862 619250
863 619250
864 619250
865 619250
866 619250
867 619250
868 619250
869 619250
870 619250
871 619250
872 619250
873 619250
874 619250
875 619250
876 619250
877 619250
878 619250
879 619250
880 619250
881 619250
882 619250
883 619250
884 619250
885 619250
886 619250
887 619250
888 619250
889 619250
890 619250
891 619250
892 619250
893 619250
894 619250
895 619250
896 619250
897 619250
898 619250
899 619250
900 619250
901 619250
902 619250
903 619250
904 619250
905 619250
906 619250
907 619250
908 619250
909 619250
910 619250
911 619250
912 619250
913 619250
914 619250
915 619250
916 619250
917 619250
918 619250
919 619250
920 619250
921 619250
922 619250
923 619250
924 619250
925 619250
926 619250
927 619250
928 619250
929 619250
930 619250
931 619250
932 619250
933 619250
934 619250
935 619250
936 619250
937 619250
938 619250
939 619250
940 619250
941 619250
942 619250
943 619250
944 619250
945 619250
946 619250
947 619250
948 619250
949 619250
950 619250
951 619250
952 619250
953 619250
954 619250
955 619250
956 619250
957 619250
958 619250
959 619250
960 619250
961 619250
962 619250
963 619250
964 619250
965 619250
966 619250
967 619250
968 619250
969 619250
970 619250
971 619250
972 619250
973 619250
974 619250
975 619250
976 619250
977 619250
978 619250
979 619250
980 619250
981 619250
982 619250
983 619250
984 619250
985 619250
986 619250
987 619250
988 619250
989 619250
990 619250
991 619250
992 619250
993 619250
994 619250
995 619250
996 619250
997 619250
998 619250
999 619250
