9586 9476
7915 104
1156 3814
9272 6551
4278 6928
1632 7816
991 118
7015 8487
6383 3360
5083 153
6687 8669
5006 8826
5286 5025
6347 3436
6564 5107
2693 2369
6483 4460
9532 2068
5294 1610
4917 9099
6080 9136
2931 2041
7600 8656
904 3067
8568 5443
9503 1170
1865 9414
7185 8195
30 4348
8939 9347
4494 7428
5423 933
92 5576
1874 9843
865 2536
9474 5347
6338 4679
9020 653
9884 4127
7271 714
8402 2439
5702 2190
9925 650
5686 1252
2168 3622
9259 2047
3166 8657
706 6689
2590 7273
9781 469
3226 1876
666 7900
7859 9197
9767 5070
7698 787
8869 1337
4998 3983
5770 9659
7174 2293
4780 813
2434 1673
8071 2715
4089 3789
3466 997
4546 4292
4699 1877
6610 1648
8587 1507
161 9840
1021 511
5532 3219
3510 1005
7321 4045
7482 4471
6722 8912
8457 781
8726 4411
2076 7811
9180 2437
7115 8518
5213 9098
4555 415
2493 8249
6015 5949
5996 8062
3864 600
4580 2188
909 6905
1659 1117
5354 3575
6349 1562
5411 3999
2616 8076
7966 8490
1913 381
3511 6551
8326 3690
5518 5805
6395 8339
1680 2711
5243 7914
9617 2560
3855 1735
6518 2745
2613 2364
8981 8501
4757 3350
9484 1908
5984 3341
4154 134
8697 9616
1695 3763
8872 2721
