9586 9476
1156 3814
6435 7289
991 118
7015 8487
9822 1400
5083 153
3640 9801
1470 7444
6687 8669
6347 3436
6472 8168
6564 5107
2693 2369
9404 4342
6080 9136
2931 2041
5217 1781
8979 6193
5683 4088
904 3067
8568 5443
9503 1170
7063 6523
30 4348
7215 657
4000 2565
4494 7428
9560 8359
2199 342
1420 9881
5623 3280
9729 2256
2538 9574
1877 5506
3171 2164
390 3861
5009 3207
9020 653
7271 714
754 7354
8402 2439
5702 2190
9925 650
5686 1252
6547 9000
2168 3622
9259 2047
2590 7273
9184 2196
9781 469
2165 5744
4361 4432
6807 4686
666 7900
7698 787
8869 1337
4998 3983
4780 813
9149 4399
4089 3789
3466 997
4131 9713
4546 4292
6610 1648
8587 1507
1236 2553
881 7467
3116 6671
1021 511
9607 7757
5532 3219
7321 4045
7482 4471
4230 6207
8457 781
8726 4411
2076 7811
9180 2437
4555 415
7541 2085
5419 8470
5996 8062
2601 1702
4580 2188
9457 6771
1400 7798
909 6905
5778 6794
6349 1562
2616 8076
7966 8490
8326 3690
5518 5805
1746 4826
9617 2560
3855 1735
8477 3200
8981 8501
7233 8034
4796 6477
2419 8141
4757 3350
3064 7471
674 7536
9484 1908
5984 3341
4154 134
7968 9546
1695 3763
8872 2721
