7915 104
1156 3814
9272 6551
629 9462
7198 8897
991 118
971 7752
6383 3360
9822 1400
5083 153
6687 8669
5006 8826
6347 3436
6472 8168
6564 5107
2693 2369
9404 4342
4917 9099
9377 4334
3716 8024
2931 2041
7600 8656
8568 5443
134 5194
7063 6523
8927 9895
30 4348
8939 9347
9479 2748
4000 2565
5423 933
2199 342
278 2356
3394 9471
5623 3280
865 2536
5307 5122
6285 8202
9474 5347
3171 2164
5009 3207
9020 653
9884 4127
7271 714
754 7354
8402 2439
5702 2190
5025 5982
5686 1252
9259 2047
3166 8657
706 6689
2590 7273
4449 4788
9781 469
2165 5744
4361 4432
3226 1876
6807 4686
666 7900
9767 5070
8013 5103
7698 787
8869 1337
4998 3983
7174 2293
9149 4399
8071 2715
4089 3789
3466 997
4546 4292
6610 1648
8587 1507
161 9840
1021 511
1631 2246
9607 7757
2707 7260
7321 4045
4230 6207
8457 781
8726 4411
5213 9098
4555 415
5419 8470
6015 5949
5996 8062
4580 2188
1678 5242
9457 6771
909 6905
6349 1562
9093 4117
5411 3999
7966 8490
1913 381
8326 3690
6395 8339
3102 4405
1746 4826
9617 2560
3855 1735
6518 2745
1378 2185
4796 6477
5984 3341
4154 134
8697 9616
7968 9546
1695 3763
