7915 104
9272 6551
629 9462
7198 8897
991 118
6383 3360
9822 1400
5083 153
1170 2193
6687 8669
9404 4342
9532 2068
4917 9099
9377 4334
3716 8024
6080 9136
2931 2041
205 9024
8979 6193
2986 9750
9503 1170
7063 6523
8927 9895
7185 8195
9479 2748
4000 2565
5423 933
9560 8359
92 5576
2199 342
1698 3791
3394 9471
5623 3280
1874 9843
2538 9574
5307 5122
9474 5347
3171 2164
390 3861
5009 3207
9020 653
8402 2439
5702 2190
9925 650
5686 1252
9259 2047
2590 7273
4449 4788
9184 2196
9781 469
4361 4432
1153 3561
3226 1876
7859 9197
9767 5070
8013 5103
7698 787
8869 1337
4998 3983
2434 1673
9149 4399
8071 2715
4089 3789
3466 997
4546 4292
4699 1877
8587 1507
1236 2553
1021 511
7482 4471
6483 4170
8457 781
8726 4411
2076 7811
7115 8518
5213 9098
4555 415
2493 8249
5996 8062
3864 600
2601 1702
1678 5242
1400 7798
909 6905
5354 3575
6349 1562
9093 4117
405 8734
5411 3999
2616 8076
7966 8490
1913 381
2798 5602
6395 8339
3102 4405
1746 4826
9617 2560
3855 1735
6518 2745
8477 3200
8981 8501
7233 8034
4796 6477
2419 8141
4757 3350
3064 7471
4154 134
8697 9616
1695 3763
8872 2721
