0 488497
1 556377
2 536401
3 461143
4 524143
5 550891
6 533270
7 533219
8 533700
9 496764
10 475993
11 578149
12 540254
13 481810
14 576866
15 520953
16 508065
17 483050
18 475736
19 448119
20 485663
21 512994
22 502212
23 454504
24 540219
25 492827
26 574789
27 499031
28 558203
29 514008
30 496461
31 540068
32 461116
33 532926
34 583183
35 502680
36 532908
37 519038
38 535797
39 491455
40 531952
41 502229
42 490371
43 498246
44 507017
45 555061
46 517816
47 492138
48 508842
49 514794
50 541950
51 479255
52 485392
53 527832
54 534552
55 513555
56 530218
57 515727
58 512389
59 487429
60 496166
61 572688
62 494514
63 525633
64 502275
65 514249
66 531956
67 577256
68 560904
69 525079
70 522542
71 517600
72 577225
73 492494
74 465572
75 487470
76 534897
77 523789
78 475372
79 517522
80 494861
81 507981
82 518430
83 517937
84 444472
85 548329
86 544969
87 562049
88 437494
89 506101
90 573316
91 517153
92 473228
93 518236
94 491643
95 547892
96 496216
97 543223
98 444768
99 531582
100 433392
101 485128
102 479529
103 485124
104 472900
105 493074
106 526484
107 556328
108 488401
109 539635
110 587569
111 521681
112 500408
113 509021
114 537160
115 452176
116 541938
117 507203
118 549340
119 472053
120 506418
121 561253
122 570853
123 509774
124 509477
125 469867
126 465097
127 517630
128 510557
129 496402
130 536335
131 475764
132 464302
133 536642
134 465270
135 526439
136 533302
137 538299
138 523857
139 455800
140 478392
141 468222
142 519357
143 545282
144 523707
145 475339
146 545602
147 504110
148 569509
149 502297
150 540403
151 532955
152 499163
153 465063
154 531108
155 522448
156 539776
157 523834
158 520723
159 494842
160 444975
161 500247
162 531491
163 531917
164 523263
165 550530
166 448532
167 525547
168 502299
169 513629
170 466216
171 436761
172 482029
173 497003
174 509899
175 507928
176 499064
177 483075
178 501585
179 558317
180 451509
181 533165
182 501757
183 551117
184 508740
185 491793
186 478148
187 471265
188 552082
189 556104
190 516188
191 467659
192 515091
193 518126
194 500642
195 552732
196 521042
197 500984
198 521361
199 517307
200 567798
201 496928
202 515526
203 509883
204 537236
205 504146
206 471159
207 504002
208 486752
209 512930
210 502045
211 488920
212 520874
213 490508
214 466150
215 462783
216 479303
217 521681
218 469135
219 539942
220 492485
221 462717
222 471612
223 469835
224 506387
225 462264
226 488779
227 540891
228 507473
229 487274
230 535627
231 554972
232 573066
233 504223
234 482458
235 477773
236 497845
237 513824
238 529472
239 480072
240 536986
241 537581
242 536655
243 479067
244 472108
245 503691
246 513051
247 534370
248 520969
249 459755
250 501764
251 499589
252 578074
253 539084
254 520745
255 514844
256 476037
257 532911
258 514047
259 478114
260 502525
261 546951
262 492363
263 474317
264 491227
265 477759
266 493794
267 504463
268 505185
269 511331
270 538019
271 499072
272 463234
273 455067
274 405421
275 497178
276 521250
277 477518
278 477672
279 472905
280 550266
281 502847
282 504968
283 506906
284 557153
285 454779
286 456353
287 536620
288 468588
289 464816
290 541067
291 496126
292 502201
293 509562
294 555559
295 500772
296 496057
297 518132
298 527712
299 487412
300 531052
301 484930
302 446709
303 502155
304 514181
305 529820
306 496966
307 442406
308 526815
309 532001
310 476036
311 557312
312 530986
313 503732
314 537789
315 522056
316 535042
317 459439
318 478942
319 545714
320 471377
321 493793
322 547494
323 547722
324 505846
325 499516
326 519876
327 579946
328 526218
329 503714
330 500885
331 505697
332 486466
333 508494
334 528179
335 412423
336 500736
337 552654
338 477541
339 530799
340 518757
341 531920
342 525911
343 511555
344 482416
345 462420
346 511951
347 478290
348 529861
349 498927
350 541009
351 502832
352 489736
353 498834
354 482709
355 527134
356 575812
357 472601
358 475929
359 471875
360 466448
361 493254
362 490941
363 509866
364 506778
365 520058
366 457357
367 502993
368 471077
369 473277
370 555174
371 483567
372 462860
373 554127
374 484877
375 527410
376 510090
377 553343
378 423202
379 476148
380 501846
381 468963
382 544101
383 530105
384 582770
385 505402
386 552452
387 529379
388 541712
389 547728
390 550404
391 501859
392 507194
393 559879
394 520765
395 530044
396 501005
397 514016
398 490628
399 490020
400 478971
401 529537
402 512848
403 524601
404 483734
405 496006
406 501058
407 566042
408 558377
409 531896
410 486686
411 479954
412 482454
413 497855
414 502017
415 519041
416 547255
417 484297
418 560164
419 513064
420 500186
421 474292
422 496919
423 474110
424 511757
425 500270
426 544161
427 542899
428 400223
429 523348
430 537279
431 497050
432 481382
433 517404
434 474772
435 454387
436 437529
437 549664
438 542804
439 523863
440 573275
441 465115
442 501136
443 502083
444 527105
445 547161
446 517110
447 469233
448 531960
449 489212
450 425989
451 503872
452 527790
453 486931
454 565689
455 479274
456 506436
457 527626
458 508955
459 525055
460 517289
461 569899
462 485497
463 544447
464 496160
465 524944
466 530874
467 513500
468 480311
469 527890
470 498768
471 543439
472 513143
473 476573
474 475146
475 541520
476 535259
477 508354
478 492205
479 553747
480 535237
481 512885
482 570567
483 481581
484 500472
485 459392
486 515533
487 494750
488 506632
489 450565
490 452824
491 464858
492 478854
493 465841
494 497740
495 483186
496 557316
497 490014
498 510325
499 499127
500 488703
501 516226
502 482053
503 452072
504 520758
505 488948
506 486824
507 503504
508 505176
509 512944
510 485155
511 459833
512 505362
513 564248
514 524761
515 546025
516 523150
517 513727
518 550265
519 481650
520 498642
521 494396
522 492731
523 509799
524 570416
525 526122
526 493635
527 491147
528 565624
529 519783
530 505005
531 510089
532 473346
533 511617
534 424191
535 505579
536 551545
537 515239
538 555548
539 568999
540 457265
541 489111
542 540084
543 486966
544 511993
545 502430
546 508279
547 549531
548 566492
549 552513
550 476520
551 467111
552 476526
553 451101
554 517001
555 575739
556 541190
557 555373
558 467630
559 551672
560 549765
561 480600
562 505972
563 525380
564 507409
565 504764
566 501393
567 481811
568 522633
569 484012
570 536231
571 486058
572 519665
573 453124
574 446521
575 547523
576 515391
577 500788
578 524120
579 517701
580 502566
581 483560
582 537570
583 528648
584 434665
585 498446
586 457925
587 508594
588 531388
589 445944
590 482520
591 561282
592 496685
593 497736
594 504733
595 471597
596 510062
597 502811
598 467391
599 549850
600 539587
601 551143
602 557900
603 558308
604 463216
605 498054
606 491296
607 510291
608 533035
609 511142
610 503971
611 493129
612 528344
613 554330
614 516635
615 542629
616 483979
617 502729
618 515295
619 462156
620 452330
621 508085
622 496434
623 507938
624 541466
625 515104
626 462013
627 539058
628 482615
629 495482
630 508345
631 538617
632 529829
633 510087
634 566242
635 459617
636 501801
637 522138
638 505661
639 540777
640 485010
641 513909
642 516634
643 501203
644 518741
645 550492
646 556236
647 521083
648 558208
649 533569
650 467171
651 469325
652 494929
653 555096
654 534732
655 512436
656 530062
657 489068
658 515185
659 463419
660 532900
661 564196
662 504177
663 500701
664 498907
665 493628
666 484468
667 528601
668 475956
669 484912
670 478359
671 488659
672 545259
673 509606
674 543546
675 516865
676 477340
677 497480
678 463146
679 583795
680 575900
681 479204
682 532582
683 503148
684 580095
685 517687
686 538583
687 487928
688 525923
689 514124
690 487609
691 489090
692 483600
693 468556
694 508336
695 454257
696 494433
697 504767
698 542571
699 518311
700 497735
701 487194
702 527902
703 474382
704 464322
705 545330
706 508651
707 498763
708 526472
709 531149
710 535789
711 503907
712 507758
713 508768
714 452005
715 487244
716 464356
717 544207
718 492600
719 512823
720 500176
721 526385
722 499288
723 544396
724 559371
725 469411
726 507509
727 505631
728 520903
729 463775
730 484333
731 462857
732 535157
733 511034
734 532070
735 512488
736 502636
737 469061
738 532351
739 497400
740 539583
741 520814
742 548075
743 473103
744 531754
745 540722
746 477417
747 481305
748 534699
749 559106
750 499993
751 447402
752 448454
753 471756
754 561865
755 500398
756 545267
757 484993
758 524922
759 459738
760 543136
761 425678
762 502958
763 537902
764 552419
765 498128
766 538139
767 494513
768 461483
769 529450
770 445051
771 518868
772 503764
773 556987
774 525854
775 480594
776 507070
777 537086
778 566513
779 564341
780 477069
781 522815
782 522366
783 484791
784 555916
785 491742
786 502716
787 495428
788 530772
789 537410
790 497472
791 525394
792 459455
793 550117
794 541085
795 521014
796 504370
797 450911
798 520237
799 505181
800 547709
801 488508
802 515310
803 522866
804 559485
805 529256
806 528414
807 508063
808 471195
809 540575
810 487326
811 530860
812 543373
813 530548
814 517082
815 492254
816 562527
817 501784
818 562706
819 515062
820 553363
821 526903
822 516255
823 479437
824 510767
825 480874
826 539410
827 462557
828 412530
829 488610
830 512605
831 512094
832 535778
833 482362
834 539852
835 498715
836 505613
837 469816
838 506243
839 508491
840 536881
841 518536
842 544813
843 510341
844 499843
845 569701
846 491691
847 473471
848 546627
849 529283
850 487099
851 509279
852 471607
853 539469
854 491252
855 474852
856 445472
857 446279
858 497000
859 499659
860 540664
861 486846
862 485075
863 556071
864 482791
865 522164
866 494555
867 531316
868 519968
869 476145
870 458563
871 544479
872 559612
873 506115
874 507092
875 483317
876 455207
877 471208
878 518847
879 501887
880 513132
881 483094
882 544768
883 524894
884 523235
885 454979
886 486244
887 534921
888 517556
889 497365
890 440224
891 520094
892 455459
893 519391
894 489748
895 536110
896 531309
897 538238
898 508133
899 545762
900 497544
901 483166
902 466863
903 453704
904 474001
905 486130
906 471659
907 490697
908 450469
909 508791
910 462969
911 455013
912 464645
913 493083
914 476660
915 474225
916 538377
917 528858
918 489821
919 470315
920 503044
921 558263
922 515465
923 532359
924 512143
925 486108
926 514916
927 506131
928 517938
929 559598
930 555130
931 509908
932 500869
933 531295
934 507732
935 474948
936 497618
937 514629
938 517422
939 530700
940 545107
941 500236
942 419783
943 541873
944 493249
945 412543
946 528115
947 512892
948 490937
949 515505
950 458236
951 503728
952 505258
953 515967
954 470419
955 510414
956 486996
957 546880
958 519820
959 488742
960 484102
961 485883
962 510132
963 495601
964 439321
965 522274
966 499651
967 497063
968 462553
969 503504
970 604411
971 490096
972 512952
973 517590
974 480901
975 554686
976 479753
977 531553
978 465930
979 507410
980 518430
981 544006
982 497355
983 512764
984 513378
985 506645
986 542502
987 465526
988 528321
989 528285
990 456269
991 549696
992 502230
993 512354
994 505208
995 489634
996 581822
997 489973
998 513339
999 514875
