1000 1242.14 1124.19 114.06 67.2272
1100 907.02 1172.2 77.26 76.592
1200 1069.82 1248.95 84.82 85.9567
1300 1246.88 1354.46 93.98 95.3215
1400 1450.26 1488.71 104.02 104.686
1500 1662.04 1651.72 111.18 114.051
1600 1897.54 1843.47 121.6 123.416
1700 2159.08 2063.97 131.76 132.78
1800 2406.76 2313.22 137.94 142.145
1900 2708.96 2591.21 147.92 151.51
2000 3025.94 2897.96 156.66 160.875
2100 3348.06 3233.45 166.56 170.239
2200 3788.84 3597.69 174.44 179.604
2300 4087.18 3990.68 184.58 188.969
2400 4517.6 4412.42 192.38 198.334
2500 4936.36 4862.91 202.88 207.698
2600 5421.06 5342.14 211.72 217.063
2700 5865.08 5850.13 222.44 226.428
2800 6341.24 6386.86 231.86 235.792
2900 6844.5 6952.34 241.46 245.157
3000 7450.2 7546.57 250.38 254.522
3100 8044.12 8169.55 259.98 263.887
3200 8696.06 8821.27 270.42 273.251
3300 9341.18 9501.75 281.06 282.616
3400 10111.6 10211 290.42 291.981
3500 10796.9 10948.9 298.3 301.346
3600 11566.3 11715.7 309.02 310.71
3700 12312.8 12511.1 318.34 320.075
3800 13398.8 13335.3 336.34 329.44
3900 14265.6 14188.3 342.86 338.805
4000 15104.6 15070 350.94 348.169
4100 15786.2 15980.5 355.14 357.534
4200 17434.5 16919.7 366.64 366.899
4300 17974.6 17887.7 376.26 376.264
4400 18920.8 18884.4 384.3 385.628
4500 19796.4 19909.8 393.8 394.993
4600 20993.3 20964 409.64 404.358
4700 22174.1 22047 417.82 413.722
4800 23185.8 23158.7 427.02 423.087
4900 24146.9 24299.1 439.76 432.452
5000 25490.4 25468.3 447.44 441.817
