(145, 665) (565, 575) = 429.535
(145, 665) (25, 185) = 494.773
(145, 665) (345, 750) = 217.313
(145, 665) (945, 685) = 800.25
(145, 665) (845, 655) = 700.071
(145, 665) (880, 660) = 735.017
(145, 665) (25, 230) = 451.248
(145, 665) (525, 1000) = 506.582
(145, 665) (580, 1175) = 670.317
(145, 665) (650, 1130) = 686.477
(145, 665) (1605, 620) = 1460.69
(145, 665) (1220, 580) = 1078.36
(145, 665) (1465, 200) = 1399.51
(145, 665) (1530, 5) = 1534.22
(145, 665) (845, 680) = 700.161
(145, 665) (725, 370) = 650.711
(145, 665) (415, 635) = 271.662
(145, 665) (510, 875) = 421.1
(145, 665) (560, 365) = 512.079
(145, 665) (300, 465) = 253.032
(145, 665) (520, 585) = 383.438
(145, 665) (480, 415) = 418.001
(145, 665) (835, 625) = 691.158
(145, 665) (975, 580) = 834.341
(145, 665) (1215, 245) = 1149.48
(145, 665) (1320, 315) = 1226.02
(145, 665) (1250, 400) = 1136.33
(145, 665) (660, 180) = 707.425
(145, 665) (410, 250) = 492.392
(145, 665) (420, 555) = 296.184
(145, 665) (575, 665) = 430
(145, 665) (1150, 1160) = 1120.29
(145, 665) (700, 580) = 561.471
(145, 665) (685, 595) = 544.518
(145, 665) (685, 610) = 542.794
(145, 665) (770, 610) = 627.415
(145, 665) (795, 645) = 650.308
(145, 665) (720, 635) = 575.782
(145, 665) (760, 650) = 615.183
(145, 665) (475, 960) = 442.634
(145, 665) (95, 260) = 408.075
(145, 665) (875, 920) = 773.256
(145, 665) (700, 500) = 579.008
(145, 665) (555, 815) = 436.578
(145, 665) (830, 485) = 708.255
(145, 665) (1170, 65) = 1187.7
(145, 665) (830, 610) = 687.204
(145, 665) (605, 625) = 461.736
(145, 665) (595, 360) = 543.622
(145, 665) (1340, 725) = 1196.51
(145, 665) (1740, 245) = 1649.37
BEST: 217.313
Distances: 1
(345, 750) (565, 575) = 281.114
(345, 750) (25, 185) = 649.327
(345, 750) (945, 685) = 603.511
(345, 750) (845, 655) = 508.945
(345, 750) (880, 660) = 542.517
(345, 750) (25, 230) = 610.574
(345, 750) (525, 1000) = 308.058
(345, 750) (580, 1175) = 485.644
(345, 750) (650, 1130) = 487.263
(345, 750) (1605, 620) = 1266.69
(345, 750) (1220, 580) = 891.361
(345, 750) (1465, 200) = 1247.76
(345, 750) (1530, 5) = 1399.73
(345, 750) (845, 680) = 504.876
(345, 750) (725, 370) = 537.401
(345, 750) (415, 635) = 134.629
(345, 750) (510, 875) = 207.002
(345, 750) (560, 365) = 440.965
(345, 750) (300, 465) = 288.531
(345, 750) (520, 585) = 240.52
(345, 750) (480, 415) = 361.179
(345, 750) (835, 625) = 505.693
(345, 750) (975, 580) = 652.534
(345, 750) (1215, 245) = 1005.94
(345, 750) (1320, 315) = 1067.64
(345, 750) (1250, 400) = 970.322
(345, 750) (660, 180) = 651.249
(345, 750) (410, 250) = 504.207
(345, 750) (420, 555) = 208.926
(345, 750) (575, 665) = 245.204
(345, 750) (1150, 1160) = 903.396
(345, 750) (700, 580) = 393.605
(345, 750) (685, 595) = 373.664
(345, 750) (685, 610) = 367.696
(345, 750) (770, 610) = 447.465
(345, 750) (795, 645) = 462.088
(345, 750) (720, 635) = 392.237
(345, 750) (760, 650) = 426.878
(345, 750) (475, 960) = 246.982
(345, 750) (95, 260) = 550.091
(345, 750) (875, 920) = 556.597
(345, 750) (700, 500) = 434.195
(345, 750) (555, 815) = 219.829
(345, 750) (830, 485) = 552.675
(345, 750) (1170, 65) = 1072.31
(345, 750) (830, 610) = 504.802
(345, 750) (605, 625) = 288.487
(345, 750) (595, 360) = 463.249
(345, 750) (1340, 725) = 995.314
(345, 750) (1740, 245) = 1483.59
BEST: 134.629
Distances: 2
(415, 635) (565, 575) = 161.555
(415, 635) (25, 185) = 595.483
(415, 635) (945, 685) = 532.353
(415, 635) (845, 655) = 430.465
(415, 635) (880, 660) = 465.672
(415, 635) (25, 230) = 562.25
(415, 635) (525, 1000) = 381.215
(415, 635) (580, 1175) = 564.646
(415, 635) (650, 1130) = 547.951
(415, 635) (1605, 620) = 1190.09
(415, 635) (1220, 580) = 806.877
(415, 635) (1465, 200) = 1136.54
(415, 635) (1530, 5) = 1280.67
(415, 635) (845, 680) = 432.348
(415, 635) (725, 370) = 407.83
(415, 635) (510, 875) = 258.118
(415, 635) (560, 365) = 306.472
(415, 635) (300, 465) = 205.244
(415, 635) (520, 585) = 116.297
(415, 635) (480, 415) = 229.401
(415, 635) (835, 625) = 420.119
(415, 635) (975, 580) = 562.694
(415, 635) (1215, 245) = 890
(415, 635) (1320, 315) = 959.909
(415, 635) (1250, 400) = 867.439
(415, 635) (660, 180) = 516.769
(415, 635) (410, 250) = 385.032
(415, 635) (420, 555) = 80.1561
(415, 635) (575, 665) = 162.788
(415, 635) (1150, 1160) = 903.244
(415, 635) (700, 580) = 290.259
(415, 635) (685, 595) = 272.947
(415, 635) (685, 610) = 271.155
(415, 635) (770, 610) = 355.879
(415, 635) (795, 645) = 380.132
(415, 635) (720, 635) = 305
(415, 635) (760, 650) = 345.326
(415, 635) (475, 960) = 330.492
(415, 635) (95, 260) = 492.976
(415, 635) (875, 920) = 541.133
(415, 635) (700, 500) = 315.357
(415, 635) (555, 815) = 228.035
(415, 635) (830, 485) = 441.277
(415, 635) (1170, 65) = 946.005
(415, 635) (830, 610) = 415.752
(415, 635) (605, 625) = 190.263
(415, 635) (595, 360) = 328.672
(415, 635) (1340, 725) = 929.368
(415, 635) (1740, 245) = 1381.2
BEST: 80.1561
Distances: 3
(420, 555) (565, 575) = 146.373
(420, 555) (25, 185) = 541.225
(420, 555) (945, 685) = 540.856
(420, 555) (845, 655) = 436.606
(420, 555) (880, 660) = 471.832
(420, 555) (25, 230) = 511.517
(420, 555) (525, 1000) = 457.22
(420, 555) (580, 1175) = 640.312
(420, 555) (650, 1130) = 619.294
(420, 555) (1605, 620) = 1186.78
(420, 555) (1220, 580) = 800.391
(420, 555) (1465, 200) = 1103.65
(420, 555) (1530, 5) = 1238.79
(420, 555) (845, 680) = 443.001
(420, 555) (725, 370) = 356.721
(420, 555) (510, 875) = 332.415
(420, 555) (560, 365) = 236.008
(420, 555) (300, 465) = 150
(420, 555) (520, 585) = 104.403
(420, 555) (480, 415) = 152.315
(420, 555) (835, 625) = 420.862
(420, 555) (975, 580) = 555.563
(420, 555) (1215, 245) = 853.302
(420, 555) (1320, 315) = 931.45
(420, 555) (1250, 400) = 844.349
(420, 555) (660, 180) = 445.225
(420, 555) (410, 250) = 305.164
(420, 555) (575, 665) = 190.066
(420, 555) (1150, 1160) = 948.117
(420, 555) (700, 580) = 281.114
(420, 555) (685, 595) = 268.002
(420, 555) (685, 610) = 270.647
(420, 555) (770, 610) = 354.295
(420, 555) (795, 645) = 385.649
(420, 555) (720, 635) = 310.483
(420, 555) (760, 650) = 353.023
(420, 555) (475, 960) = 408.718
(420, 555) (95, 260) = 438.919
(420, 555) (875, 920) = 583.31
(420, 555) (700, 500) = 285.351
(420, 555) (555, 815) = 292.959
(420, 555) (830, 485) = 415.933
(420, 555) (1170, 65) = 895.879
(420, 555) (830, 610) = 413.673
(420, 555) (605, 625) = 197.8
(420, 555) (595, 360) = 262.011
(420, 555) (1340, 725) = 935.575
(420, 555) (1740, 245) = 1355.91
BEST: 104.403
Distances: 4
(520, 585) (565, 575) = 46.0977
(520, 585) (25, 185) = 636.416
(520, 585) (945, 685) = 436.606
(520, 585) (845, 655) = 332.453
(520, 585) (880, 660) = 367.73
(520, 585) (25, 230) = 609.139
(520, 585) (525, 1000) = 415.03
(520, 585) (580, 1175) = 593.043
(520, 585) (650, 1130) = 560.29
(520, 585) (1605, 620) = 1085.56
(520, 585) (1220, 580) = 700.018
(520, 585) (1465, 200) = 1020.42
(520, 585) (1530, 5) = 1164.69
(520, 585) (845, 680) = 338.6
(520, 585) (725, 370) = 297.069
(520, 585) (510, 875) = 290.172
(520, 585) (560, 365) = 223.607
(520, 585) (300, 465) = 250.599
(520, 585) (480, 415) = 174.642
(520, 585) (835, 625) = 317.53
(520, 585) (975, 580) = 455.027
(520, 585) (1215, 245) = 773.709
(520, 585) (1320, 315) = 844.334
(520, 585) (1250, 400) = 753.077
(520, 585) (660, 180) = 428.515
(520, 585) (410, 250) = 352.598
(520, 585) (575, 665) = 97.0824
(520, 585) (1150, 1160) = 852.951
(520, 585) (700, 580) = 180.069
(520, 585) (685, 595) = 165.303
(520, 585) (685, 610) = 166.883
(520, 585) (770, 610) = 251.247
(520, 585) (795, 645) = 281.469
(520, 585) (720, 635) = 206.155
(520, 585) (760, 650) = 248.646
(520, 585) (475, 960) = 377.69
(520, 585) (95, 260) = 535.023
(520, 585) (875, 920) = 488.109
(520, 585) (700, 500) = 199.06
(520, 585) (555, 815) = 232.648
(520, 585) (830, 485) = 325.73
(520, 585) (1170, 65) = 832.406
(520, 585) (830, 610) = 311.006
(520, 585) (605, 625) = 93.9415
(520, 585) (595, 360) = 237.171
(520, 585) (1340, 725) = 831.865
(520, 585) (1740, 245) = 1266.49
BEST: 46.0977
Distances: 5
(565, 575) (25, 185) = 666.108
(565, 575) (945, 685) = 395.601
(565, 575) (845, 655) = 291.204
(565, 575) (880, 660) = 326.267
(565, 575) (25, 230) = 640.8
(565, 575) (525, 1000) = 426.878
(565, 575) (580, 1175) = 600.187
(565, 575) (650, 1130) = 561.471
(565, 575) (1605, 620) = 1040.97
(565, 575) (1220, 580) = 655.019
(565, 575) (1465, 200) = 975
(565, 575) (1530, 5) = 1120.77
(565, 575) (845, 680) = 299.04
(565, 575) (725, 370) = 260.048
(565, 575) (510, 875) = 305
(565, 575) (560, 365) = 210.06
(565, 575) (300, 465) = 286.923
(565, 575) (480, 415) = 181.177
(565, 575) (835, 625) = 274.591
(565, 575) (975, 580) = 410.03
(565, 575) (1215, 245) = 728.972
(565, 575) (1320, 315) = 798.514
(565, 575) (1250, 400) = 707.001
(565, 575) (660, 180) = 406.263
(565, 575) (410, 250) = 360.069
(565, 575) (575, 665) = 90.5539
(565, 575) (1150, 1160) = 827.315
(565, 575) (700, 580) = 135.093
(565, 575) (685, 595) = 121.655
(565, 575) (685, 610) = 125
(565, 575) (770, 610) = 207.966
(565, 575) (795, 645) = 240.416
(565, 575) (720, 635) = 166.208
(565, 575) (760, 650) = 208.926
(565, 575) (475, 960) = 395.38
(565, 575) (95, 260) = 565.796
(565, 575) (875, 920) = 463.816
(565, 575) (700, 500) = 154.434
(565, 575) (555, 815) = 240.208
(565, 575) (830, 485) = 279.866
(565, 575) (1170, 65) = 791.281
(565, 575) (830, 610) = 267.301
(565, 575) (605, 625) = 64.0312
(565, 575) (595, 360) = 217.083
(565, 575) (1340, 725) = 789.383
(565, 575) (1740, 245) = 1220.46
BEST: 64.0312
Distances: 6
(605, 625) (25, 185) = 728.011
(605, 625) (945, 685) = 345.254
(605, 625) (845, 655) = 241.868
(605, 625) (880, 660) = 277.218
(605, 625) (25, 230) = 701.73
(605, 625) (525, 1000) = 383.438
(605, 625) (580, 1175) = 550.568
(605, 625) (650, 1130) = 507.001
(605, 625) (1605, 620) = 1000.01
(605, 625) (1220, 580) = 616.644
(605, 625) (1465, 200) = 959.284
(605, 625) (1530, 5) = 1113.56
(605, 625) (845, 680) = 246.221
(605, 625) (725, 370) = 281.824
(605, 625) (510, 875) = 267.442
(605, 625) (560, 365) = 263.865
(605, 625) (300, 465) = 344.42
(605, 625) (480, 415) = 244.387
(605, 625) (835, 625) = 230
(605, 625) (975, 580) = 372.726
(605, 625) (1215, 245) = 718.679
(605, 625) (1320, 315) = 779.311
(605, 625) (1250, 400) = 683.118
(605, 625) (660, 180) = 448.386
(605, 625) (410, 250) = 422.67
(605, 625) (575, 665) = 50
(605, 625) (1150, 1160) = 763.708
(605, 625) (700, 580) = 105.119
(605, 625) (685, 595) = 85.44
(605, 625) (685, 610) = 81.3941
(605, 625) (770, 610) = 165.68
(605, 625) (795, 645) = 191.05
(605, 625) (720, 635) = 115.434
(605, 625) (760, 650) = 157.003
(605, 625) (475, 960) = 359.34
(605, 625) (95, 260) = 627.156
(605, 625) (875, 920) = 399.906
(605, 625) (700, 500) = 157.003
(605, 625) (555, 815) = 196.469
(605, 625) (830, 485) = 265
(605, 625) (1170, 65) = 795.503
(605, 625) (830, 610) = 225.499
(605, 625) (595, 360) = 265.189
(605, 625) (1340, 725) = 741.772
(605, 625) (1740, 245) = 1196.92
BEST: 50
Distances: 7
(575, 665) (25, 185) = 730
(575, 665) (945, 685) = 370.54
(575, 665) (845, 655) = 270.185
(575, 665) (880, 660) = 305.041
(575, 665) (25, 230) = 701.231
(575, 665) (525, 1000) = 338.711
(575, 665) (580, 1175) = 510.025
(575, 665) (650, 1130) = 471.01
(575, 665) (1605, 620) = 1030.98
(575, 665) (1220, 580) = 650.577
(575, 665) (1465, 200) = 1004.15
(575, 665) (1530, 5) = 1160.87
(575, 665) (845, 680) = 270.416
(575, 665) (725, 370) = 330.946
(575, 665) (510, 875) = 219.829
(575, 665) (560, 365) = 300.375
(575, 665) (300, 465) = 340.037
(575, 665) (480, 415) = 267.442
(575, 665) (835, 625) = 263.059
(575, 665) (975, 580) = 408.932
(575, 665) (1215, 245) = 765.506
(575, 665) (1320, 315) = 823.119
(575, 665) (1250, 400) = 725.155
(575, 665) (660, 180) = 492.392
(575, 665) (410, 250) = 446.598
(575, 665) (1150, 1160) = 758.716
(575, 665) (700, 580) = 151.162
(575, 665) (685, 595) = 130.384
(575, 665) (685, 610) = 122.984
(575, 665) (770, 610) = 202.608
(575, 665) (795, 645) = 220.907
(575, 665) (720, 635) = 148.071
(575, 665) (760, 650) = 185.607
(575, 665) (475, 960) = 311.488
(575, 665) (95, 260) = 628.033
(575, 665) (875, 920) = 393.732
(575, 665) (700, 500) = 207.002
(575, 665) (555, 815) = 151.327
(575, 665) (830, 485) = 312.13
(575, 665) (1170, 65) = 845
(575, 665) (830, 610) = 260.864
(575, 665) (595, 360) = 305.655
(575, 665) (1340, 725) = 767.349
(575, 665) (1740, 245) = 1238.4
BEST: 122.984
Distances: 8
(685, 610) (25, 185) = 785
(685, 610) (945, 685) = 270.601
(685, 610) (845, 655) = 166.208
(685, 610) (880, 660) = 201.308
(685, 610) (25, 230) = 761.577
(685, 610) (525, 1000) = 421.545
(685, 610) (580, 1175) = 574.674
(685, 610) (650, 1130) = 521.177
(685, 610) (1605, 620) = 920.054
(685, 610) (1220, 580) = 535.84
(685, 610) (1465, 200) = 881.192
(685, 610) (1530, 5) = 1039.25
(685, 610) (845, 680) = 174.642
(685, 610) (725, 370) = 243.311
(685, 610) (510, 875) = 317.569
(685, 610) (560, 365) = 275.045
(685, 610) (300, 465) = 411.4
(685, 610) (480, 415) = 282.931
(685, 610) (835, 625) = 150.748
(685, 610) (975, 580) = 291.548
(685, 610) (1215, 245) = 643.525
(685, 610) (1320, 315) = 700.179
(685, 610) (1250, 400) = 602.764
(685, 610) (660, 180) = 430.726
(685, 610) (410, 250) = 453.018
(685, 610) (1150, 1160) = 720.226
(685, 610) (700, 580) = 33.541
(685, 610) (685, 595) = 15
(685, 610) (770, 610) = 85
(685, 610) (795, 645) = 115.434
(685, 610) (720, 635) = 43.0116
(685, 610) (760, 650) = 85
(685, 610) (475, 960) = 408.167
(685, 610) (95, 260) = 686.003
(685, 610) (875, 920) = 363.593
(685, 610) (700, 500) = 111.018
(685, 610) (555, 815) = 242.745
(685, 610) (830, 485) = 191.442
(685, 610) (1170, 65) = 729.555
(685, 610) (830, 610) = 145
(685, 610) (595, 360) = 265.707
(685, 610) (1340, 725) = 665.019
(685, 610) (1740, 245) = 1116.36
BEST: 15
Distances: 9
(685, 595) (25, 185) = 776.981
(685, 595) (945, 685) = 275.136
(685, 595) (845, 655) = 170.88
(685, 595) (880, 660) = 205.548
(685, 595) (25, 230) = 754.205
(685, 595) (525, 1000) = 435.46
(685, 595) (580, 1175) = 589.428
(685, 595) (650, 1130) = 536.144
(685, 595) (1605, 620) = 920.34
(685, 595) (1220, 580) = 535.21
(685, 595) (1465, 200) = 874.314
(685, 595) (1530, 5) = 1030.59
(685, 595) (845, 680) = 181.177
(685, 595) (725, 370) = 228.528
(685, 595) (510, 875) = 330.189
(685, 595) (560, 365) = 261.773
(685, 595) (300, 465) = 406.356
(685, 595) (480, 415) = 272.809
(685, 595) (835, 625) = 152.971
(685, 595) (975, 580) = 290.388
(685, 595) (1215, 245) = 635.138
(685, 595) (1320, 315) = 693.992
(685, 595) (1250, 400) = 597.704
(685, 595) (660, 180) = 415.752
(685, 595) (410, 250) = 441.192
(685, 595) (1150, 1160) = 731.744
(685, 595) (700, 580) = 21.2132
(685, 595) (770, 610) = 86.3134
(685, 595) (795, 645) = 120.83
(685, 595) (720, 635) = 53.1507
(685, 595) (760, 650) = 93.0054
(685, 595) (475, 960) = 421.1
(685, 595) (95, 260) = 678.473
(685, 595) (875, 920) = 376.464
(685, 595) (700, 500) = 96.1769
(685, 595) (555, 815) = 255.539
(685, 595) (830, 485) = 182.003
(685, 595) (1170, 65) = 718.418
(685, 595) (830, 610) = 145.774
(685, 595) (595, 360) = 251.645
(685, 595) (1340, 725) = 667.776
(685, 595) (1740, 245) = 1111.54
BEST: 21.2132
Distances: 10
(700, 580) (25, 185) = 782.081
(700, 580) (945, 685) = 266.552
(700, 580) (845, 655) = 163.248
(700, 580) (880, 660) = 196.977
(700, 580) (25, 230) = 760.345
(700, 580) (525, 1000) = 455
(700, 580) (580, 1175) = 606.98
(700, 580) (650, 1130) = 552.268
(700, 580) (1605, 620) = 905.884
(700, 580) (1220, 580) = 520
(700, 580) (1465, 200) = 854.181
(700, 580) (1530, 5) = 1009.72
(700, 580) (845, 680) = 176.139
(700, 580) (725, 370) = 211.483
(700, 580) (510, 875) = 350.892
(700, 580) (560, 365) = 256.564
(700, 580) (300, 465) = 416.203
(700, 580) (480, 415) = 275
(700, 580) (835, 625) = 142.302
(700, 580) (975, 580) = 275
(700, 580) (1215, 245) = 614.37
(700, 580) (1320, 315) = 674.259
(700, 580) (1250, 400) = 578.705
(700, 580) (660, 180) = 401.995
(700, 580) (410, 250) = 439.318
(700, 580) (1150, 1160) = 734.098
(700, 580) (770, 610) = 76.1577
(700, 580) (795, 645) = 115.109
(700, 580) (720, 635) = 58.5235
(700, 580) (760, 650) = 92.1954
(700, 580) (475, 960) = 441.616
(700, 580) (95, 260) = 684.416
(700, 580) (875, 920) = 382.394
(700, 580) (700, 500) = 80
(700, 580) (555, 815) = 276.134
(700, 580) (830, 485) = 161.012
(700, 580) (1170, 65) = 697.227
(700, 580) (830, 610) = 133.417
(700, 580) (595, 360) = 243.772
(700, 580) (1340, 725) = 656.22
(700, 580) (1740, 245) = 1092.62
BEST: 58.5235
Distances: 11
(720, 635) (25, 185) = 827.964
(720, 635) (945, 685) = 230.489
(720, 635) (845, 655) = 126.59
(720, 635) (880, 660) = 161.941
(720, 635) (25, 230) = 804.394
(720, 635) (525, 1000) = 413.824
(720, 635) (580, 1175) = 557.853
(720, 635) (650, 1130) = 499.925
(720, 635) (1605, 620) = 885.127
(720, 635) (1220, 580) = 503.016
(720, 635) (1465, 200) = 862.699
(720, 635) (1530, 5) = 1026.16
(720, 635) (845, 680) = 132.853
(720, 635) (725, 370) = 265.047
(720, 635) (510, 875) = 318.904
(720, 635) (560, 365) = 313.847
(720, 635) (300, 465) = 453.1
(720, 635) (480, 415) = 325.576
(720, 635) (835, 625) = 115.434
(720, 635) (975, 580) = 260.864
(720, 635) (1215, 245) = 630.179
(720, 635) (1320, 315) = 680
(720, 635) (1250, 400) = 579.763
(720, 635) (660, 180) = 458.939
(720, 635) (410, 250) = 494.292
(720, 635) (1150, 1160) = 678.62
(720, 635) (770, 610) = 55.9017
(720, 635) (795, 645) = 75.6637
(720, 635) (760, 650) = 42.72
(720, 635) (475, 960) = 407.001
(720, 635) (95, 260) = 728.869
(720, 635) (875, 920) = 324.423
(720, 635) (700, 500) = 136.473
(720, 635) (555, 815) = 244.182
(720, 635) (830, 485) = 186.011
(720, 635) (1170, 65) = 726.223
(720, 635) (830, 610) = 112.805
(720, 635) (595, 360) = 302.076
(720, 635) (1340, 725) = 626.498
(720, 635) (1740, 245) = 1092.02
BEST: 42.72
Distances: 12
(760, 650) (25, 185) = 869.741
(760, 650) (945, 685) = 188.282
(760, 650) (845, 655) = 85.1469
(760, 650) (880, 660) = 120.416
(760, 650) (25, 230) = 846.537
(760, 650) (525, 1000) = 421.574
(760, 650) (580, 1175) = 555
(760, 650) (650, 1130) = 492.443
(760, 650) (1605, 620) = 845.532
(760, 650) (1220, 580) = 465.296
(760, 650) (1465, 200) = 836.376
(760, 650) (1530, 5) = 1004.45
(760, 650) (845, 680) = 90.1388
(760, 650) (725, 370) = 282.179
(760, 650) (510, 875) = 336.341
(760, 650) (560, 365) = 348.174
(760, 650) (300, 465) = 495.807
(760, 650) (480, 415) = 365.548
(760, 650) (835, 625) = 79.0569
(760, 650) (975, 580) = 226.108
(760, 650) (1215, 245) = 609.139
(760, 650) (1320, 315) = 652.553
(760, 650) (1250, 400) = 550.091
(760, 650) (660, 180) = 480.521
(760, 650) (410, 250) = 531.507
(760, 650) (1150, 1160) = 642.028
(760, 650) (770, 610) = 41.2311
(760, 650) (795, 645) = 35.3553
(760, 650) (475, 960) = 421.1
(760, 650) (95, 260) = 770.925
(760, 650) (875, 920) = 293.471
(760, 650) (700, 500) = 161.555
(760, 650) (555, 815) = 263.154
(760, 650) (830, 485) = 179.234
(760, 650) (1170, 65) = 714.37
(760, 650) (830, 610) = 80.6226
(760, 650) (595, 360) = 333.654
(760, 650) (1340, 725) = 584.829
(760, 650) (1740, 245) = 1060.39
BEST: 35.3553
Distances: 13
(795, 645) (25, 185) = 896.939
(795, 645) (945, 685) = 155.242
(795, 645) (845, 655) = 50.9902
(795, 645) (880, 660) = 86.3134
(795, 645) (25, 230) = 874.714
(795, 645) (525, 1000) = 446.01
(795, 645) (580, 1175) = 571.948
(795, 645) (650, 1130) = 506.211
(795, 645) (1605, 620) = 810.386
(795, 645) (1220, 580) = 429.942
(795, 645) (1465, 200) = 804.316
(795, 645) (1530, 5) = 974.59
(795, 645) (845, 680) = 61.0328
(795, 645) (725, 370) = 283.769
(795, 645) (510, 875) = 366.231
(795, 645) (560, 365) = 365.548
(795, 645) (300, 465) = 526.711
(795, 645) (480, 415) = 390.032
(795, 645) (835, 625) = 44.7214
(795, 645) (975, 580) = 191.377
(795, 645) (1215, 245) = 580
(795, 645) (1320, 315) = 620.101
(795, 645) (1250, 400) = 516.769
(795, 645) (660, 180) = 484.2
(795, 645) (410, 250) = 551.589
(795, 645) (1150, 1160) = 625.5
(795, 645) (770, 610) = 43.0116
(795, 645) (475, 960) = 449.027
(795, 645) (95, 260) = 798.89
(795, 645) (875, 920) = 286.4
(795, 645) (700, 500) = 173.349
(795, 645) (555, 815) = 294.109
(795, 645) (830, 485) = 163.783
(795, 645) (1170, 65) = 690.67
(795, 645) (830, 610) = 49.4975
(795, 645) (595, 360) = 348.174
(795, 645) (1340, 725) = 550.84
(795, 645) (1740, 245) = 1026.17
BEST: 43.0116
Distances: 14
(770, 610) (25, 185) = 857.7
(770, 610) (945, 685) = 190.394
(770, 610) (845, 655) = 87.4643
(770, 610) (880, 660) = 120.83
(770, 610) (25, 230) = 836.316
(770, 610) (525, 1000) = 460.57
(770, 610) (580, 1175) = 596.091
(770, 610) (650, 1130) = 533.667
(770, 610) (1605, 620) = 835.06
(770, 610) (1220, 580) = 450.999
(770, 610) (1465, 200) = 806.923
(770, 610) (1530, 5) = 971.404
(770, 610) (845, 680) = 102.591
(770, 610) (725, 370) = 244.182
(770, 610) (510, 875) = 371.248
(770, 610) (560, 365) = 322.684
(770, 610) (300, 465) = 491.859
(770, 610) (480, 415) = 349.464
(770, 610) (835, 625) = 66.7083
(770, 610) (975, 580) = 207.183
(770, 610) (1215, 245) = 575.543
(770, 610) (1320, 315) = 624.119
(770, 610) (1250, 400) = 523.927
(770, 610) (660, 180) = 443.847
(770, 610) (410, 250) = 509.117
(770, 610) (1150, 1160) = 668.506
(770, 610) (475, 960) = 457.739
(770, 610) (95, 260) = 760.345
(770, 610) (875, 920) = 327.3
(770, 610) (700, 500) = 130.384
(770, 610) (555, 815) = 297.069
(770, 610) (830, 485) = 138.654
(770, 610) (1170, 65) = 676.036
(770, 610) (830, 610) = 60
(770, 610) (595, 360) = 305.164
(770, 610) (1340, 725) = 581.485
(770, 610) (1740, 245) = 1036.4
BEST: 60
Distances: 15
(830, 610) (25, 185) = 910.302
(830, 610) (945, 685) = 137.295
(830, 610) (845, 655) = 47.4342
(830, 610) (880, 660) = 70.7107
(830, 610) (25, 230) = 890.183
(830, 610) (525, 1000) = 495.101
(830, 610) (580, 1175) = 617.839
(830, 610) (650, 1130) = 550.273
(830, 610) (1605, 620) = 775.065
(830, 610) (1220, 580) = 391.152
(830, 610) (1465, 200) = 755.86
(830, 610) (1530, 5) = 925.216
(830, 610) (845, 680) = 71.5891
(830, 610) (725, 370) = 261.964
(830, 610) (510, 875) = 415.482
(830, 610) (560, 365) = 364.589
(830, 610) (300, 465) = 549.477
(830, 610) (480, 415) = 400.656
(830, 610) (835, 625) = 15.8114
(830, 610) (975, 580) = 148.071
(830, 610) (1215, 245) = 530.519
(830, 610) (1320, 315) = 571.948
(830, 610) (1250, 400) = 469.574
(830, 610) (660, 180) = 462.385
(830, 610) (410, 250) = 553.173
(830, 610) (1150, 1160) = 636.318
(830, 610) (475, 960) = 498.523
(830, 610) (95, 260) = 814.079
(830, 610) (875, 920) = 313.249
(830, 610) (700, 500) = 170.294
(830, 610) (555, 815) = 343.001
(830, 610) (830, 485) = 125
(830, 610) (1170, 65) = 642.359
(830, 610) (595, 360) = 343.111
(830, 610) (1340, 725) = 522.805
(830, 610) (1740, 245) = 980.472
BEST: 15.8114
Distances: 16
(835, 625) (25, 185) = 921.792
(835, 625) (945, 685) = 125.3
(835, 625) (845, 655) = 31.6228
(835, 625) (880, 660) = 57.0088
(835, 625) (25, 230) = 901.18
(835, 625) (525, 1000) = 486.544
(835, 625) (580, 1175) = 606.238
(835, 625) (650, 1130) = 537.82
(835, 625) (1605, 620) = 770.016
(835, 625) (1220, 580) = 387.621
(835, 625) (1465, 200) = 759.951
(835, 625) (1530, 5) = 931.357
(835, 625) (845, 680) = 55.9017
(835, 625) (725, 370) = 277.714
(835, 625) (510, 875) = 410.03
(835, 625) (560, 365) = 378.451
(835, 625) (300, 465) = 558.413
(835, 625) (480, 415) = 412.462
(835, 625) (975, 580) = 147.054
(835, 625) (1215, 245) = 537.401
(835, 625) (1320, 315) = 575.608
(835, 625) (1250, 400) = 472.07
(835, 625) (660, 180) = 478.174
(835, 625) (410, 250) = 566.789
(835, 625) (1150, 1160) = 620.846
(835, 625) (475, 960) = 491.757
(835, 625) (95, 260) = 825.121
(835, 625) (875, 920) = 297.7
(835, 625) (700, 500) = 183.984
(835, 625) (555, 815) = 338.378
(835, 625) (830, 485) = 140.089
(835, 625) (1170, 65) = 652.553
(835, 625) (595, 360) = 357.526
(835, 625) (1340, 725) = 514.806
(835, 625) (1740, 245) = 981.542
BEST: 31.6228
Distances: 17
(845, 655) (25, 185) = 945.145
(845, 655) (945, 685) = 104.403
(845, 655) (880, 660) = 35.3553
(845, 655) (25, 230) = 923.594
(845, 655) (525, 1000) = 470.558
(845, 655) (580, 1175) = 583.631
(845, 655) (650, 1130) = 513.469
(845, 655) (1605, 620) = 760.805
(845, 655) (1220, 580) = 382.426
(845, 655) (1465, 200) = 769.042
(845, 655) (1530, 5) = 944.312
(845, 655) (845, 680) = 25
(845, 655) (725, 370) = 309.233
(845, 655) (510, 875) = 400.78
(845, 655) (560, 365) = 406.602
(845, 655) (300, 465) = 577.17
(845, 655) (480, 415) = 436.835
(845, 655) (975, 580) = 150.083
(845, 655) (1215, 245) = 552.268
(845, 655) (1320, 315) = 584.145
(845, 655) (1250, 400) = 478.592
(845, 655) (660, 180) = 509.755
(845, 655) (410, 250) = 594.348
(845, 655) (1150, 1160) = 589.958
(845, 655) (475, 960) = 479.505
(845, 655) (95, 260) = 847.659
(845, 655) (875, 920) = 266.693
(845, 655) (700, 500) = 212.25
(845, 655) (555, 815) = 331.21
(845, 655) (830, 485) = 170.66
(845, 655) (1170, 65) = 673.591
(845, 655) (595, 360) = 386.685
(845, 655) (1340, 725) = 499.925
(845, 655) (1740, 245) = 984.441
BEST: 25
Distances: 18
(845, 680) (25, 185) = 957.823
(845, 680) (945, 685) = 100.125
(845, 680) (880, 660) = 40.3113
(845, 680) (25, 230) = 935.361
(845, 680) (525, 1000) = 452.548
(845, 680) (580, 1175) = 561.471
(845, 680) (650, 1130) = 490.433
(845, 680) (1605, 620) = 762.365
(845, 680) (1220, 580) = 388.104
(845, 680) (1465, 200) = 784.092
(845, 680) (1530, 5) = 961.691
(845, 680) (725, 370) = 332.415
(845, 680) (510, 875) = 387.621
(845, 680) (560, 365) = 424.794
(845, 680) (300, 465) = 585.875
(845, 680) (480, 415) = 451.054
(845, 680) (975, 580) = 164.012
(845, 680) (1215, 245) = 571.074
(845, 680) (1320, 315) = 599.041
(845, 680) (1250, 400) = 492.367
(845, 680) (660, 180) = 533.128
(845, 680) (410, 250) = 611.658
(845, 680) (1150, 1160) = 568.705
(845, 680) (475, 960) = 464.004
(845, 680) (95, 260) = 859.593
(845, 680) (875, 920) = 241.868
(845, 680) (700, 500) = 231.138
(845, 680) (555, 815) = 319.883
(845, 680) (830, 485) = 195.576
(845, 680) (1170, 65) = 695.593
(845, 680) (595, 360) = 406.079
(845, 680) (1340, 725) = 497.041
(845, 680) (1740, 245) = 995.113
BEST: 40.3113
Distances: 19
(880, 660) (25, 185) = 978.085
(880, 660) (945, 685) = 69.6419
(880, 660) (25, 230) = 957.04
(880, 660) (525, 1000) = 491.554
(880, 660) (580, 1175) = 596.008
(880, 660) (650, 1130) = 523.259
(880, 660) (1605, 620) = 726.103
(880, 660) (1220, 580) = 349.285
(880, 660) (1465, 200) = 744.194
(880, 660) (1530, 5) = 922.781
(880, 660) (725, 370) = 328.824
(880, 660) (510, 875) = 427.931
(880, 660) (560, 365) = 435.23
(880, 660) (300, 465) = 611.903
(880, 660) (480, 415) = 469.068
(880, 660) (975, 580) = 124.197
(880, 660) (1215, 245) = 533.339
(880, 660) (1320, 315) = 559.129
(880, 660) (1250, 400) = 452.217
(880, 660) (660, 180) = 528.015
(880, 660) (410, 250) = 623.699
(880, 660) (1150, 1160) = 568.243
(880, 660) (475, 960) = 504.009
(880, 660) (95, 260) = 881.036
(880, 660) (875, 920) = 260.048
(880, 660) (700, 500) = 240.832
(880, 660) (555, 815) = 360.069
(880, 660) (830, 485) = 182.003
(880, 660) (1170, 65) = 661.91
(880, 660) (595, 360) = 413.793
(880, 660) (1340, 725) = 464.57
(880, 660) (1740, 245) = 954.895
BEST: 69.6419
Distances: 20
(945, 685) (25, 185) = 1047.09
(945, 685) (25, 230) = 1026.36
(945, 685) (525, 1000) = 525
(945, 685) (580, 1175) = 611.003
(945, 685) (650, 1130) = 533.901
(945, 685) (1605, 620) = 663.193
(945, 685) (1220, 580) = 294.364
(945, 685) (1465, 200) = 711.073
(945, 685) (1530, 5) = 897.009
(945, 685) (725, 370) = 384.22
(945, 685) (510, 875) = 474.684
(945, 685) (560, 365) = 500.625
(945, 685) (300, 465) = 681.487
(945, 685) (480, 415) = 537.703
(945, 685) (975, 580) = 109.202
(945, 685) (1215, 245) = 516.236
(945, 685) (1320, 315) = 526.806
(945, 685) (1250, 400) = 417.433
(945, 685) (660, 180) = 579.871
(945, 685) (410, 250) = 689.529
(945, 685) (1150, 1160) = 517.349
(945, 685) (475, 960) = 544.541
(945, 685) (95, 260) = 950.329
(945, 685) (875, 920) = 245.204
(945, 685) (700, 500) = 307.002
(945, 685) (555, 815) = 411.096
(945, 685) (830, 485) = 230.705
(945, 685) (1170, 65) = 659.564
(945, 685) (595, 360) = 477.624
(945, 685) (1340, 725) = 397.02
(945, 685) (1740, 245) = 908.639
BEST: 109.202
Distances: 21
(975, 580) (25, 185) = 1028.85
(975, 580) (25, 230) = 1012.42
(975, 580) (525, 1000) = 615.549
(975, 580) (580, 1175) = 714.178
(975, 580) (650, 1130) = 638.847
(975, 580) (1605, 620) = 631.269
(975, 580) (1220, 580) = 245
(975, 580) (1465, 200) = 620.081
(975, 580) (1530, 5) = 799.156
(975, 580) (725, 370) = 326.497
(975, 580) (510, 875) = 550.681
(975, 580) (560, 365) = 467.386
(975, 580) (300, 465) = 684.726
(975, 580) (480, 415) = 521.776
(975, 580) (1215, 245) = 412.098
(975, 580) (1320, 315) = 435.029
(975, 580) (1250, 400) = 328.672
(975, 580) (660, 180) = 509.141
(975, 580) (410, 250) = 654.313
(975, 580) (1150, 1160) = 605.826
(975, 580) (475, 960) = 628.013
(975, 580) (95, 260) = 936.376
(975, 580) (875, 920) = 354.401
(975, 580) (700, 500) = 286.4
(975, 580) (555, 815) = 481.274
(975, 580) (830, 485) = 173.349
(975, 580) (1170, 65) = 550.681
(975, 580) (595, 360) = 439.09
(975, 580) (1340, 725) = 392.747
(975, 580) (1740, 245) = 835.135
BEST: 173.349
Distances: 22
(830, 485) (25, 185) = 859.084
(830, 485) (25, 230) = 844.423
(830, 485) (525, 1000) = 598.54
(830, 485) (580, 1175) = 733.894
(830, 485) (650, 1130) = 669.645
(830, 485) (1605, 620) = 786.67
(830, 485) (1220, 580) = 401.404
(830, 485) (1465, 200) = 696.024
(830, 485) (1530, 5) = 848.764
(830, 485) (725, 370) = 155.724
(830, 485) (510, 875) = 504.48
(830, 485) (560, 365) = 295.466
(830, 485) (300, 465) = 530.377
(830, 485) (480, 415) = 356.931
(830, 485) (1215, 245) = 453.679
(830, 485) (1320, 315) = 518.652
(830, 485) (1250, 400) = 428.515
(830, 485) (660, 180) = 349.178
(830, 485) (410, 250) = 481.274
(830, 485) (1150, 1160) = 747.011
(830, 485) (475, 960) = 593.001
(830, 485) (95, 260) = 768.668
(830, 485) (875, 920) = 437.321
(830, 485) (700, 500) = 130.863
(830, 485) (555, 815) = 429.564
(830, 485) (1170, 65) = 540.37
(830, 485) (595, 360) = 266.177
(830, 485) (1340, 725) = 563.649
(830, 485) (1740, 245) = 941.116
BEST: 130.863
Distances: 23
(700, 500) (25, 185) = 744.883
(700, 500) (25, 230) = 726.997
(700, 500) (525, 1000) = 529.741
(700, 500) (580, 1175) = 685.584
(700, 500) (650, 1130) = 631.981
(700, 500) (1605, 620) = 912.921
(700, 500) (1220, 580) = 526.118
(700, 500) (1465, 200) = 821.721
(700, 500) (1530, 5) = 966.398
(700, 500) (725, 370) = 132.382
(700, 500) (510, 875) = 420.387
(700, 500) (560, 365) = 194.487
(700, 500) (300, 465) = 401.528
(700, 500) (480, 415) = 235.85
(700, 500) (1215, 245) = 574.674
(700, 500) (1320, 315) = 647.012
(700, 500) (1250, 400) = 559.017
(700, 500) (660, 180) = 322.49
(700, 500) (410, 250) = 382.884
(700, 500) (1150, 1160) = 798.812
(700, 500) (475, 960) = 512.079
(700, 500) (95, 260) = 650.865
(700, 500) (875, 920) = 455
(700, 500) (555, 815) = 346.771
(700, 500) (1170, 65) = 640.41
(700, 500) (595, 360) = 175
(700, 500) (1340, 725) = 678.399
(700, 500) (1740, 245) = 1070.81
BEST: 132.382
Distances: 24
(725, 370) (25, 185) = 724.034
(725, 370) (25, 230) = 713.863
(725, 370) (525, 1000) = 660.984
(725, 370) (580, 1175) = 817.955
(725, 370) (650, 1130) = 763.692
(725, 370) (1605, 620) = 914.822
(725, 370) (1220, 580) = 537.703
(725, 370) (1465, 200) = 759.276
(725, 370) (1530, 5) = 883.883
(725, 370) (510, 875) = 548.862
(725, 370) (560, 365) = 165.076
(725, 370) (300, 465) = 435.488
(725, 370) (480, 415) = 249.098
(725, 370) (1215, 245) = 505.693
(725, 370) (1320, 315) = 597.537
(725, 370) (1250, 400) = 525.856
(725, 370) (660, 180) = 200.811
(725, 370) (410, 250) = 337.083
(725, 370) (1150, 1160) = 897.065
(725, 370) (475, 960) = 640.781
(725, 370) (95, 260) = 639.531
(725, 370) (875, 920) = 570.088
(725, 370) (555, 815) = 476.366
(725, 370) (1170, 65) = 539.491
(725, 370) (595, 360) = 130.384
(725, 370) (1340, 725) = 710.106
(725, 370) (1740, 245) = 1022.67
BEST: 130.384
Distances: 25
(595, 360) (25, 185) = 596.259
(595, 360) (25, 230) = 584.637
(595, 360) (525, 1000) = 643.817
(595, 360) (580, 1175) = 815.138
(595, 360) (650, 1130) = 771.962
(595, 360) (1605, 620) = 1042.93
(595, 360) (1220, 580) = 662.59
(595, 360) (1465, 200) = 884.59
(595, 360) (1530, 5) = 1000.12
(595, 360) (510, 875) = 521.967
(595, 360) (560, 365) = 35.3553
(595, 360) (300, 465) = 313.129
(595, 360) (480, 415) = 127.475
(595, 360) (1215, 245) = 630.575
(595, 360) (1320, 315) = 726.395
(595, 360) (1250, 400) = 656.22
(595, 360) (660, 180) = 191.377
(595, 360) (410, 250) = 215.232
(595, 360) (1150, 1160) = 973.666
(595, 360) (475, 960) = 611.882
(595, 360) (95, 260) = 509.902
(595, 360) (875, 920) = 626.099
(595, 360) (555, 815) = 456.755
(595, 360) (1170, 65) = 646.258
(595, 360) (1340, 725) = 829.608
(595, 360) (1740, 245) = 1150.76
BEST: 35.3553
Distances: 26
(560, 365) (25, 185) = 564.469
(560, 365) (25, 230) = 551.77
(560, 365) (525, 1000) = 635.964
(560, 365) (580, 1175) = 810.247
(560, 365) (650, 1130) = 770.276
(560, 365) (1605, 620) = 1075.66
(560, 365) (1220, 580) = 694.136
(560, 365) (1465, 200) = 919.918
(560, 365) (1530, 5) = 1034.65
(560, 365) (510, 875) = 512.445
(560, 365) (300, 465) = 278.568
(560, 365) (480, 415) = 94.3398
(560, 365) (1215, 245) = 665.902
(560, 365) (1320, 315) = 761.643
(560, 365) (1250, 400) = 690.887
(560, 365) (660, 180) = 210.297
(560, 365) (410, 250) = 189.011
(560, 365) (1150, 1160) = 990.013
(560, 365) (475, 960) = 601.041
(560, 365) (95, 260) = 476.707
(560, 365) (875, 920) = 638.161
(560, 365) (555, 815) = 450.028
(560, 365) (1170, 65) = 679.779
(560, 365) (1340, 725) = 859.069
(560, 365) (1740, 245) = 1186.09
BEST: 94.3398
Distances: 27
(480, 415) (25, 185) = 509.828
(480, 415) (25, 230) = 491.172
(480, 415) (525, 1000) = 586.728
(480, 415) (580, 1175) = 766.551
(480, 415) (650, 1130) = 734.932
(480, 415) (1605, 620) = 1143.53
(480, 415) (1220, 580) = 758.172
(480, 415) (1465, 200) = 1008.19
(480, 415) (1530, 5) = 1127.21
(480, 415) (510, 875) = 460.977
(480, 415) (300, 465) = 186.815
(480, 415) (1215, 245) = 754.404
(480, 415) (1320, 315) = 845.931
(480, 415) (1250, 400) = 770.146
(480, 415) (660, 180) = 296.015
(480, 415) (410, 250) = 179.234
(480, 415) (1150, 1160) = 1001.96
(480, 415) (475, 960) = 545.023
(480, 415) (95, 260) = 415.03
(480, 415) (875, 920) = 641.132
(480, 415) (555, 815) = 406.971
(480, 415) (1170, 65) = 773.692
(480, 415) (1340, 725) = 914.166
(480, 415) (1740, 245) = 1271.42
BEST: 179.234
Distances: 28
(410, 250) (25, 185) = 390.448
(410, 250) (25, 230) = 385.519
(410, 250) (525, 1000) = 758.765
(410, 250) (580, 1175) = 940.492
(410, 250) (650, 1130) = 912.14
(410, 250) (1605, 620) = 1250.97
(410, 250) (1220, 580) = 874.643
(410, 250) (1465, 200) = 1056.18
(410, 250) (1530, 5) = 1146.48
(410, 250) (510, 875) = 632.949
(410, 250) (300, 465) = 241.506
(410, 250) (1215, 245) = 805.016
(410, 250) (1320, 315) = 912.318
(410, 250) (1250, 400) = 853.288
(410, 250) (660, 180) = 259.615
(410, 250) (1150, 1160) = 1172.9
(410, 250) (475, 960) = 712.969
(410, 250) (95, 260) = 315.159
(410, 250) (875, 920) = 815.552
(410, 250) (555, 815) = 583.31
(410, 250) (1170, 65) = 782.192
(410, 250) (1340, 725) = 1044.28
(410, 250) (1740, 245) = 1330.01
BEST: 241.506
Distances: 29
(300, 465) (25, 185) = 392.46
(300, 465) (25, 230) = 361.732
(300, 465) (525, 1000) = 580.388
(300, 465) (580, 1175) = 763.217
(300, 465) (650, 1130) = 751.482
(300, 465) (1605, 620) = 1314.17
(300, 465) (1220, 580) = 927.16
(300, 465) (1465, 200) = 1194.76
(300, 465) (1530, 5) = 1313.2
(300, 465) (510, 875) = 460.652
(300, 465) (1215, 245) = 941.077
(300, 465) (1320, 315) = 1030.97
(300, 465) (1250, 400) = 952.221
(300, 465) (660, 180) = 459.157
(300, 465) (1150, 1160) = 1097.96
(300, 465) (475, 960) = 525.024
(300, 465) (95, 260) = 289.914
(300, 465) (875, 920) = 733.246
(300, 465) (555, 815) = 433.042
(300, 465) (1170, 65) = 957.549
(300, 465) (1340, 725) = 1072.01
(300, 465) (1740, 245) = 1456.71
BEST: 289.914
Distances: 30
(95, 260) (25, 185) = 102.591
(95, 260) (25, 230) = 76.1577
(95, 260) (525, 1000) = 855.862
(95, 260) (580, 1175) = 1035.59
(95, 260) (650, 1130) = 1031.95
(95, 260) (1605, 620) = 1552.32
(95, 260) (1220, 580) = 1169.63
(95, 260) (1465, 200) = 1371.31
(95, 260) (1530, 5) = 1457.48
(95, 260) (510, 875) = 741.923
(95, 260) (1215, 245) = 1120.1
(95, 260) (1320, 315) = 1226.23
(95, 260) (1250, 400) = 1163.45
(95, 260) (660, 180) = 570.636
(95, 260) (1150, 1160) = 1386.73
(95, 260) (475, 960) = 796.492
(95, 260) (875, 920) = 1021.76
(95, 260) (555, 815) = 720.85
(95, 260) (1170, 65) = 1092.54
(95, 260) (1340, 725) = 1329
(95, 260) (1740, 245) = 1645.07
BEST: 76.1577
Distances: 31
(25, 230) (25, 185) = 45
(25, 230) (525, 1000) = 918.096
(25, 230) (580, 1175) = 1095.92
(25, 230) (650, 1130) = 1095.73
(25, 230) (1605, 620) = 1627.42
(25, 230) (1220, 580) = 1245.2
(25, 230) (1465, 200) = 1440.31
(25, 230) (1530, 5) = 1521.73
(25, 230) (510, 875) = 807.001
(25, 230) (1215, 245) = 1190.09
(25, 230) (1320, 315) = 1297.79
(25, 230) (1250, 400) = 1236.74
(25, 230) (660, 180) = 636.965
(25, 230) (1150, 1160) = 1459.63
(25, 230) (475, 960) = 857.555
(25, 230) (875, 920) = 1094.81
(25, 230) (555, 815) = 789.383
(25, 230) (1170, 65) = 1156.83
(25, 230) (1340, 725) = 1405.08
(25, 230) (1740, 245) = 1715.07
BEST: 45
Distances: 32
(25, 185) (525, 1000) = 956.151
(25, 185) (580, 1175) = 1134.96
(25, 185) (650, 1130) = 1132.98
(25, 185) (1605, 620) = 1638.79
(25, 185) (1220, 580) = 1258.59
(25, 185) (1465, 200) = 1440.08
(25, 185) (1530, 5) = 1515.73
(25, 185) (510, 875) = 843.401
(25, 185) (1215, 245) = 1191.51
(25, 185) (1320, 315) = 1301.51
(25, 185) (1250, 400) = 1243.72
(25, 185) (660, 180) = 635.02
(25, 185) (1150, 1160) = 1488.71
(25, 185) (475, 960) = 896.172
(25, 185) (875, 920) = 1123.71
(25, 185) (555, 815) = 823.286
(25, 185) (1170, 65) = 1151.27
(25, 185) (1340, 725) = 1421.56
(25, 185) (1740, 245) = 1716.05
BEST: 635.02
Distances: 33
(660, 180) (525, 1000) = 831.039
(660, 180) (580, 1175) = 998.211
(660, 180) (650, 1130) = 950.053
(660, 180) (1605, 620) = 1042.41
(660, 180) (1220, 580) = 688.186
(660, 180) (1465, 200) = 805.248
(660, 180) (1530, 5) = 887.426
(660, 180) (510, 875) = 711.003
(660, 180) (1215, 245) = 558.793
(660, 180) (1320, 315) = 673.665
(660, 180) (1250, 400) = 629.682
(660, 180) (1150, 1160) = 1095.67
(660, 180) (475, 960) = 801.639
(660, 180) (875, 920) = 770.6
(660, 180) (555, 815) = 643.623
(660, 180) (1170, 65) = 522.805
(660, 180) (1340, 725) = 871.45
(660, 180) (1740, 245) = 1081.95
BEST: 522.805
Distances: 34
(1170, 65) (525, 1000) = 1135.89
(1170, 65) (580, 1175) = 1257.06
(1170, 65) (650, 1130) = 1185.17
(1170, 65) (1605, 620) = 705.16
(1170, 65) (1220, 580) = 517.421
(1170, 65) (1465, 200) = 324.423
(1170, 65) (1530, 5) = 364.966
(1170, 65) (510, 875) = 1044.84
(1170, 65) (1215, 245) = 185.54
(1170, 65) (1320, 315) = 291.548
(1170, 65) (1250, 400) = 344.42
(1170, 65) (1150, 1160) = 1095.18
(1170, 65) (475, 960) = 1133.16
(1170, 65) (875, 920) = 904.461
(1170, 65) (555, 815) = 969.91
(1170, 65) (1340, 725) = 681.542
(1170, 65) (1740, 245) = 597.746
BEST: 185.54
Distances: 35
(1215, 245) (525, 1000) = 1022.8
(1215, 245) (580, 1175) = 1126.11
(1215, 245) (650, 1130) = 1049.98
(1215, 245) (1605, 620) = 541.041
(1215, 245) (1220, 580) = 335.037
(1215, 245) (1465, 200) = 254.018
(1215, 245) (1530, 5) = 396.011
(1215, 245) (510, 875) = 945.476
(1215, 245) (1320, 315) = 126.194
(1215, 245) (1250, 400) = 158.902
(1215, 245) (1150, 1160) = 917.306
(1215, 245) (475, 960) = 1028.99
(1215, 245) (875, 920) = 755.794
(1215, 245) (555, 815) = 872.067
(1215, 245) (1340, 725) = 496.009
(1215, 245) (1740, 245) = 525
BEST: 126.194
Distances: 36
(1320, 315) (525, 1000) = 1049.4
(1320, 315) (580, 1175) = 1134.55
(1320, 315) (650, 1130) = 1055.05
(1320, 315) (1605, 620) = 417.433
(1320, 315) (1220, 580) = 283.24
(1320, 315) (1465, 200) = 185.068
(1320, 315) (1530, 5) = 374.433
(1320, 315) (510, 875) = 984.733
(1320, 315) (1250, 400) = 110.114
(1320, 315) (1150, 1160) = 861.931
(1320, 315) (475, 960) = 1063.04
(1320, 315) (875, 920) = 751.033
(1320, 315) (555, 815) = 913.906
(1320, 315) (1340, 725) = 410.488
(1320, 315) (1740, 245) = 425.793
BEST: 110.114
Distances: 37
(1250, 400) (525, 1000) = 941.077
(1250, 400) (580, 1175) = 1024.46
(1250, 400) (650, 1130) = 944.934
(1250, 400) (1605, 620) = 417.642
(1250, 400) (1220, 580) = 182.483
(1250, 400) (1465, 200) = 293.641
(1250, 400) (1530, 5) = 484.175
(1250, 400) (510, 875) = 879.332
(1250, 400) (1150, 1160) = 766.551
(1250, 400) (475, 960) = 956.151
(1250, 400) (875, 920) = 641.112
(1250, 400) (555, 815) = 809.475
(1250, 400) (1340, 725) = 337.231
(1250, 400) (1740, 245) = 513.931
BEST: 182.483
Distances: 38
(1220, 580) (525, 1000) = 812.05
(1220, 580) (580, 1175) = 873.856
(1220, 580) (650, 1130) = 792.086
(1220, 580) (1605, 620) = 387.072
(1220, 580) (1465, 200) = 452.134
(1220, 580) (1530, 5) = 653.242
(1220, 580) (510, 875) = 768.847
(1220, 580) (1150, 1160) = 584.209
(1220, 580) (475, 960) = 836.316
(1220, 580) (875, 920) = 484.381
(1220, 580) (555, 815) = 705.301
(1220, 580) (1340, 725) = 188.215
(1220, 580) (1740, 245) = 618.567
BEST: 188.215
Distances: 39
(1340, 725) (525, 1000) = 860.145
(1340, 725) (580, 1175) = 883.233
(1340, 725) (650, 1130) = 800.078
(1340, 725) (1605, 620) = 285.044
(1340, 725) (1465, 200) = 539.676
(1340, 725) (1530, 5) = 744.648
(1340, 725) (510, 875) = 843.445
(1340, 725) (1150, 1160) = 474.684
(1340, 725) (475, 960) = 896.354
(1340, 725) (875, 920) = 504.232
(1340, 725) (555, 815) = 790.142
(1340, 725) (1740, 245) = 624.82
BEST: 285.044
Distances: 40
(1605, 620) (525, 1000) = 1144.9
(1605, 620) (580, 1175) = 1165.61
(1605, 620) (650, 1130) = 1082.65
(1605, 620) (1465, 200) = 442.719
(1605, 620) (1530, 5) = 619.556
(1605, 620) (510, 875) = 1124.3
(1605, 620) (1150, 1160) = 706.134
(1605, 620) (475, 960) = 1180.04
(1605, 620) (875, 920) = 789.24
(1605, 620) (555, 815) = 1067.95
(1605, 620) (1740, 245) = 398.56
BEST: 398.56
Distances: 41
(1740, 245) (525, 1000) = 1430.47
(1740, 245) (580, 1175) = 1486.78
(1740, 245) (650, 1130) = 1404.04
(1740, 245) (1465, 200) = 278.657
(1740, 245) (1530, 5) = 318.904
(1740, 245) (510, 875) = 1381.96
(1740, 245) (1150, 1160) = 1088.73
(1740, 245) (475, 960) = 1453.08
(1740, 245) (875, 920) = 1097.2
(1740, 245) (555, 815) = 1314.96
BEST: 278.657
Distances: 42
(1465, 200) (525, 1000) = 1234.34
(1465, 200) (580, 1175) = 1316.76
(1465, 200) (650, 1130) = 1236.58
(1465, 200) (1530, 5) = 205.548
(1465, 200) (510, 875) = 1169.47
(1465, 200) (1150, 1160) = 1010.36
(1465, 200) (475, 960) = 1248.08
(1465, 200) (875, 920) = 930.86
(1465, 200) (555, 815) = 1098.33
BEST: 205.548
Distances: 43
(1530, 5) (525, 1000) = 1414.23
(1530, 5) (580, 1175) = 1507.12
(1530, 5) (650, 1130) = 1428.29
(1530, 5) (510, 875) = 1340.63
(1530, 5) (1150, 1160) = 1215.91
(1530, 5) (475, 960) = 1423.04
(1530, 5) (875, 920) = 1125.28
(1530, 5) (555, 815) = 1267.57
BEST: 1125.28
Distances: 44
(875, 920) (525, 1000) = 359.026
(875, 920) (580, 1175) = 389.936
(875, 920) (650, 1130) = 307.774
(875, 920) (510, 875) = 367.764
(875, 920) (1150, 1160) = 365
(875, 920) (475, 960) = 401.995
(875, 920) (555, 815) = 336.786
BEST: 307.774
Distances: 45
(650, 1130) (525, 1000) = 180.347
(650, 1130) (580, 1175) = 83.2166
(650, 1130) (510, 875) = 290.904
(650, 1130) (1150, 1160) = 500.899
(650, 1130) (475, 960) = 243.977
(650, 1130) (555, 815) = 329.014
BEST: 83.2166
Distances: 46
(580, 1175) (525, 1000) = 183.439
(580, 1175) (510, 875) = 308.058
(580, 1175) (1150, 1160) = 570.197
(580, 1175) (475, 960) = 239.27
(580, 1175) (555, 815) = 360.867
BEST: 183.439
Distances: 47
(525, 1000) (510, 875) = 125.897
(525, 1000) (1150, 1160) = 645.155
(525, 1000) (475, 960) = 64.0312
(525, 1000) (555, 815) = 187.417
BEST: 64.0312
Distances: 48
(475, 960) (510, 875) = 91.9239
(475, 960) (1150, 1160) = 704.006
(475, 960) (555, 815) = 165.605
BEST: 91.9239
Distances: 49
(510, 875) (1150, 1160) = 700.589
(510, 875) (555, 815) = 75
BEST: 75
Distances: 50
(555, 815) (1150, 1160) = 687.786
BEST: 687.786
Distances: 51
bestSolutiondistance: 9772.43
8901.21
9132.57-
9735.8-
9142.83-
9607.33-
9642.44-
9500.29-
9684.35-
9716.54-
9702.78-
9071.91-
9621.83-
9708.21-
9396.97-
9564.34-
9396.97-
9274.48-
9682.84-
9698.59-
9564.34-
9698.59-
9270.87-
9722.08-
9070.39-
9070.39-
9764.02-
9274.48-
9735.8-
9722.08-
9711.16-
9344.81-
9702.78-
9060-
9500.29-
9767.18-
9722.66-
9708.21-
9102.98-
9358.39-
9192.52-
9764.02-
9270.87-
9358.39-
9274.48-
9684.35-
9416.25-
9682.84-
9692.86-
8901.21-
9480.83-
217.313
134.629
80.1561
104.403
46.0977
64.0312
50
122.984
15
21.2132
58.5235
42.72
35.3553
43.0116
60
15.8114
31.6228
25
40.3113
69.6419
109.202
173.349
130.863
132.382
130.384
35.3553
94.3398
179.234
241.506
289.914
76.1577
45
635.02
522.805
185.54
126.194
110.114
182.483
188.215
285.044
398.56
278.657
205.548
1125.28
307.774
83.2166
183.439
64.0312
91.9239
75
687.786
1120.29
